1 118
1 242
4 154
4 119
4 380
8 157
8 334
11 122
11 246
14 158
14 371
17 159
17 123
17 381
21 183
21 336
24 126
24 250
27 184
27 372
30 162
30 127
30 386
34 185
34 338
37 130
37 254
40 186
40 373
43 165
43 131
43 393
47 187
47 340
50 134
50 255
53 188
53 374
56 168
56 135
56 399
60 189
60 342
63 138
63 256
66 190
66 375
69 171
69 139
69 404
73 191
73 344
76 142
76 257
79 192
79 376
82 174
82 143
82 407
86 193
86 345
89 146
89 258
92 194
92 377
95 177
95 147
95 411
99 195
99 346
102 150
102 259
105 196
105 378
108 180
108 151
108 414
112 197
112 347
115 198
115 379
118 154
119 157
119 158
122 159
123 183
123 184
126 162
127 185
127 186
130 165
131 187
131 188
134 168
135 189
135 190
138 171
139 191
139 192
142 174
143 193
143 194
146 177
147 195
147 196
150 180
151 197
151 198
154 199
154 224
157 260
158 263
159 199
159 227
162 199
162 230
165 199
165 233
168 199
168 236
171 199
171 239
174 199
174 243
177 199
177 247
180 199
180 251
183 264
184 288
185 267
186 289
187 270
188 290
189 273
190 291
191 276
192 292
193 279
194 293
195 282
196 294
197 285
198 295
199 203
199 213
199 223
203 224
203 227
203 230
203 233
203 236
203 239
203 243
203 247
203 251
213 242
213 246
213 250
213 254
213 255
213 256
213 257
213 258
213 259
224 260
224 263
227 264
227 288
230 267
230 289
233 270
233 290
236 273
236 291
239 276
239 292
242 380
243 279
243 293
246 381
247 282
247 294
250 386
251 285
251 295
254 393
255 399
256 404
257 407
258 411
259 414
260 296
260 330
263 300
264 296
264 331
267 296
267 332
270 296
270 333
273 296
273 335
276 296
276 337
279 296
279 339
282 296
282 341
285 296
285 343
288 301
289 302
290 303
291 304
292 305
293 306
294 307
295 308
296 309
296 319
296 329
300 348
301 349
302 350
303 351
304 352
305 353
306 354
307 355
308 356
309 330
309 331
309 332
309 333
309 335
309 337
309 339
309 341
309 343
319 334
319 336
319 338
319 340
319 342
319 344
319 345
319 346
319 347
330 348
331 349
332 350
333 351
334 380
335 352
336 381
337 353
338 386
339 354
340 393
341 355
342 399
343 356
344 404
345 407
346 411
347 414
348 357
349 357
350 357
351 357
352 357
353 357
354 357
355 357
356 357
357 360
357 370
360 371
360 372
360 373
360 374
360 375
360 376
360 377
360 378
360 379
371 380
372 381
373 386
374 393
375 399
376 404
377 407
378 411
379 414
380 415
381 416
381 430
381 431
381 432
386 416
386 422
386 425
386 430
386 429
386 431
393 416
393 417
393 425
393 428
393 429
399 416
399 425
399 428
399 430
404 416
404 418
407 416
407 419
407 429
411 416
411 420
414 416
415 421
416 421
417 422
418 425
419 428
420 429
422 430
422 432
425 431
425 432
428 431
429 432
