9999
9999
9999
9998
9998
9998
9997
9994
9994
9993
9991
9989
9987
9987
9986
9986
9985
9983
9983
9982
9981
9980
9980
9980
9980
9979
9977
9977
9975
9975
9975
9974
9974
9973
9973
9972
9971
9970
9969
9969
9969
9965
9962
9960
9958
9957
9955
9955
9955
9955
9954
9951
9947
9946
9946
9946
9945
9945
9941
9941
9941
9940
9940
9940
9938
9937
9937
9935
9935
9934
9930
9930
9927
9925
9924
9922
9922
9920
9920
9918
9914
9914
9913
9911
9910
9910
9909
9909
9908
9906
9905
9905
9904
9903
9898
9897
9897
9896
9896
9895
9894
9893
9892
9892
9891
9890
9890
9888
9887
9887
9885
9883
9883
9882
9881
9879
9879
9879
9879
9878
9877
9876
9875
9875
9873
9872
9872
9872
9872
9868
9868
9866
9866
9865
9864
9863
9862
9862
9861
9861
9861
9860
9859
9858
9858
9857
9856
9855
9855
9854
9853
9852
9848
9846
9846
9845
9844
9842
9840
9837
9837
9837
9835
9835
9834
9834
9832
9830
9829
9829
9828
9828
9826
9824
9824
9824
9823
9823
9822
9821
9819
9818
9818
9817
9817
9816
9815
9815
9814
9810
9807
9806
9805
9804
9804
9803
9803
9802
9802
9801
9801
9801
9801
9800
9797
9796
9796
9795
9795
9794
9794
9792
9791
9790
9790
9790
9785
9784
9782
9782
9777
9774
9773
9773
9773
9772
9770
9770
9769
9769
9768
9767
9767
9766
9763
9762
9761
9761
9760
9758
9758
9757
9756
9755
9754
9749
9747
9747
9747
9746
9746
9746
9745
9744
9741
9741
9740
9739
9738
9738
9737
9735
9734
9732
9732
9732
9732
9729
9728
9728
9727
9726
9726
9724
9723
9722
9722
9720
9719
9716
9715
9714
9713
9713
9710
9710
9706
9706
9705
9705
9704
9704
9703
9703
9702
9702
9701
9700
9699
9697
9696
9693
9692
9690
9689
9689
9689
9688
9686
9686
9686
9686
9686
9685
9685
9685
9684
9681
9679
9677
9677
9676
9675
9673
9671
9670
9669
9669
9667
9667
9667
9663
9661
9660
9657
9656
9652
9652
9652
9651
9651
9651
9649
9649
9645
9644
9643
9643
9642
9641
9641
9640
9640
9635
9635
9632
9631
9629
9629
9628
9628
9626
9624
9624
9622
9621
9619
9618
9618
9617
9617
9617
9616
9616
9615
9614
9614
9613
9613
9613
9611
9611
9608
9606
9605
9605
9602
9600
9597
9596
9592
9592
9591
9591
9588
9587
9587
9584
9583
9582
9582
9581
9580
9577
9576
9575
9575
9574
9572
9569
9567
9566
9566
9564
9563
9562
9561
9559
9559
9558
9557
9557
9556
9555
9554
9553
9551
9550
9547
9547
9547
9546
9546
9545
9544
9543
9542
9541
9539
9538
9537
9535
9531
9530
9529
9528
9528
9527
9526
9526
9526
9524
9521
9521
9519
9518
9517
9517
9514
9513
9511
9511
9509
9506
9503
9503
9500
9499
9498
9496
9495
9495
9494
9490
9490
9490
9489
9489
9488
9487
9487
9487
9486
9485
9484
9484
9483
9479
9479
9479
9478
9478
9478
9477
9476
9475
9474
9471
9469
9469
9468
9465
9465
9465
9464
9463
9458
9458
9457
9456
9456
9455
9453
9452
9450
9447
9446
9446
9446
9443
9443
9441
9440
9439
9439
9439
9435
9435
9435
9435
9433
9433
9432
9430
9429
9426
9425
9422
9421
9421
9418
9418
9418
9418
9418
9418
9417
9415
9415
9414
9413
9412
9411
9411
9409
9407
9407
9405
9405
9405
9402
9402
9402
9399
9399
9399
9399
9397
9395
9395
9393
9388
9388
9388
9387
9386
9385
9384
9384
9383
9381
9379
9377
9377
9376
9375
9371
9370
9369
9367
9365
9365
9364
9364
9362
9362
9361
9361
9360
9360
9360
9359
9359
9359
9358
9358
9357
9356
9356
9356
9356
9355
9353
9348
9347
9344
9342
9340
9339
9339
9338
9337
9337
9336
9335
9334
9334
9334
9333
9332
9332
9329
9328
9328
9327
9325
9325
9324
9324
9322
9321
9320
9320
9317
9314
9314
9313
9312
9309
9309
9308
9306
9305
9304
9303
9302
9300
9299
9297
9297
9297
9294
9294
9293
9293
9293
9293
9291
9289
9287
9285
9284
9284
9283
9283
9281
9279
9277
9275
9275
9274
9273
9270
9266
9263
9262
9261
9260
9259
9258
9255
9255
9253
9252
9252
9251
9250
9249
9246
9246
9242
9242
9241
9240
9239
9237
9236
9236
9236
9235
9234
9233
9233
9233
9233
9233
9229
9229
9229
9228
9227
9227
9226
9225
9225
9220
9218
9218
9217
9216
9216
9216
9215
9215
9214
9211
9211
9210
9209
9209
9209
9207
9207
9207
9207
9206
9203
9202
9198
9197
9196
9195
9192
9192
9191
9190
9190
9189
9189
9189
9187
9186
9185
9185
9184
9183
9183
9182
9182
9181
9181
9180
9176
9176
9175
9175
9174
9171
9171
9168
9168
9167
9160
9160
9157
9156
9156
9154
9151
9151
9150
9148
9148
9147
9147
9144
9142
9141
9139
9139
9138
9137
9136
9132
9131
9130
9129
9129
9128
9127
9126
9124
9124
9123
9122
9118
9118
9117
9116
9114
9114
9113
9112
9111
9109
9104
9104
9103
9100
9099
9098
9098
9097
9096
9095
9093
9093
9093
9092
9092
9091
9090
9090
9089
9089
9089
9089
9088
9088
9087
9085
9085
9084
9084
9081
9081
9078
9077
9075
9073
9072
9072
9072
9070
9070
9069
9067
9066
9066
9065
9061
9058
9057
9056
9056
9055
9055
9054
9052
9049
9047
9047
9045
9045
9044
9044
9043
9042
9042
9042
9039
9037
9037
9035
9035
9034
9033
9033
9033
9032
9032
9031
9030
9029
9028
9028
9027
9027
9027
9026
9025
9025
9023
9020
9017
9015
9015
9014
9014
9014
9013
9012
9012
9012
9010
9009
9007
9007
9006
9006
9005
9005
9003
9003
9003
9003
9001
9001
9001
9000
9000
8999
8998
8997
8996
8996
8994
8993
8991
8990
8983
8982
8977
8976
8976
8974
8971
8971
8970
8970
8970
8969
8968
8967
8967
8963
8961
8959
8958
8958
8958
8956
8954
8951
8950
8948
8946
8945
8945
8942
8942
8940
8939
8939
8937
8936
8935
8933
8933
8932
8932
8931
8931
8930
8928
8928
8924
8923
8922
8922
8922
8920
8917
8917
8916
8915
8914
8911
8909
8909
8904
8904
8903
8903
8902
8899
8899
8898
8897
8897
8897
8896
8894
8892
8891
8889
8889
8888
8884
8883
8882
8881
8881
8881
8879
8876
8875
8875
8874
8874
8873
8873
8872
8871
8865
8864
8863
8861
8861
8861
8860
8860
8859
8858
8857
8856
8856
8853
8851
8851
8850
8849
8848
8847
8847
8844
8843
8843
8842
8842
8841
8841
8838
8836
8836
8836
8834
8833
8832
8828
8828
8826
8824
8824
8824
8822
8821
8820
8818
8817
8815
8815
8815
8814
8814
8813
8809
8809
8807
8805
8805
8803
8801
8800
8800
8798
8796
8796
8794
8794
8789
8787
8785
8783
8781
8781
8781
8780
8778
8778
8776
8775
8775
8775
8774
8771
8769
8769
8769
8768
8766
8766
8762
8762
8761
8760
8757
8755
8755
8755
8755
8754
8754
8753
8753
8751
8751
8748
8748
8742
8741
8740
8739
8738
8736
8735
8734
8734
8734
8734
8734
8733
8730
8730
8729
8729
8727
8726
8726
8725
8724
8724
8723
8723
8723
8723
8723
8723
8722
8721
8721
8720
8718
8718
8715
8713
8711
8711
8711
8710
8710
8707
8706
8706
8705
8704
8704
8704
8703
8702
8700
8698
8696
8695
8695
8694
8691
8689
8689
8686
8685
8684
8684
8682
8682
8682
8681
8679
8678
8678
8677
8677
8676
8675
8675
8673
8673
8672
8671
8666
8665
8665
8665
8664
8663
8663
8662
8662
8657
8656
8654
8650
8650
8649
8648
8648
8643
8643
8643
8642
8642
8641
8641
8641
8639
8638
8636
8635
8635
8635
8634
8631
8629
8628
8628
8626
8626
8626
8624
8623
8618
8618
8618
8617
8616
8615
8614
8614
8614
8613
8612
8612
8612
8607
8606
8606
8605
8605
8605
8604
8604
8603
8599
8597
8596
8596
8595
8595
8593
8591
8591
8590
8590
8586
8586
8583
8581
8579
8579
8578
8576
8575
8573
8573
8573
8573
8570
8568
8567
8565
8565
8564
8563
8561
8560
8560
8559
8559
8557
8556
8554
8552
8552
8551
8550
8550
8550
8549
8547
8546
8545
8545
8543
8542
8541
8541
8540
8539
8539
8538
8535
8535
8534
8534
8533
8533
8533
8533
8532
8532
8530
8528
8528
8527
8527
8526
8526
8525
8524
8522
8522
8520
8520
8513
8512
8511
8510
8508
8506
8506
8506
8505
8504
8502
8500
8500
8496
8494
8494
8494
8492
8492
8492
8491
8491
8491
8489
8489
8489
8488
8488
8484
8484
8482
8482
8482
8480
8480
8480
8479
8477
8477
8476
8475
8474
8473
8473
8472
8471
8471
8471
8468
8467
8464
8463
8463
8461
8461
8460
8460
8458
8458
8458
8458
8457
8457
8457
8456
8455
8455
8449
8448
8448
8446
8445
8444
8443
8441
8437
8435
8435
8433
8432
8430
8429
8427
8427
8424
8424
8424
8422
8421
8419
8418
8418
8417
8416
8414
8414
8414
8413
8412
8412
8411
8411
8411
8411
8410
8408
8408
8407
8406
8404
8403
8403
8402
8400
8400
8398
8396
8396
8395
8395
8393
8391
8390
8390
8390
8389
8389
8387
8383
8382
8381
8380
8379
8378
8378
8375
8375
8374
8374
8373
8373
8372
8372
8370
8370
8369
8368
8367
8365
8364
8362
8361
8361
8360
8360
8358
8358
8357
8355
8355
8354
8354
8352
8349
8348
8347
8347
8347
8346
8345
8345
8344
8341
8339
8338
8338
8337
8337
8335
8335
8332
8332
8330
8330
8329
8327
8325
8323
8322
8321
8320
8320
8320
8319
8316
8316
8315
8314
8312
8311
8311
8309
8308
8308
8307
8304
8304
8303
8303
8303
8302
8302
8302
8301
8300
8295
8293
8293
8291
8290
8290
8287
8287
8286
8286
8286
8285
8285
8285
8284
8283
8282
8282
8282
8282
8281
8280
8279
8277
8277
8273
8273
8273
8271
8271
8271
8270
8270
8269
8269
8267
8265
8263
8262
8261
8260
8260
8260
8259
8259
8258
8257
8257
8257
8257
8253
8252
8252
8251
8251
8249
8249
8249
8246
8246
8246
8245
8245
8245
8244
8243
8243
8241
8241
8241
8237
8236
8235
8233
8232
8232
8231
8228
8226
8225
8224
8223
8222
8222
8221
8221
8220
8218
8216
8215
8215
8215
8213
8212
8211
8210
8207
8206
8206
8205
8204
8202
8201
8200
8199
8198
8198
8196
8192
8191
8190
8189
8189
8189
8188
8188
8182
8181
8180
8179
8179
8177
8176
8176
8175
8175
8175
8174
8174
8172
8172
8170
8169
8169
8168
8166
8165
8164
8164
8163
8162
8162
8161
8161
8161
8160
8157
8152
8152
8151
8150
8149
8145
8144
8143
8143
8142
8141
8140
8140
8139
8139
8138
8138
8138
8138
8135
8135
8134
8134
8132
8132
8132
8130
8130
8130
8128
8128
8127
8127
8127
8126
8126
8124
8122
8121
8120
8119
8119
8118
8117
8117
8114
8114
8113
8111
8110
8110
8108
8107
8107
8107
8106
8105
8103
8101
8100
8098
8098
8095
8095
8094
8094
8094
8093
8093
8093
8093
8092
8091
8091
8091
8090
8088
8088
8088
8087
8086
8082
8082
8082
8078
8075
8074
8073
8071
8069
8069
8069
8068
8067
8065
8061
8060
8059
8058
8058
8058
8056
8055
8054
8054
8054
8053
8052
8051
8050
8050
8050
8049
8046
8045
8045
8045
8042
8041
8040
8039
8039
8035
8035
8033
8033
8032
8031
8031
8031
8031
8030
8030
8029
8026
8024
8024
8024
8020
8016
8015
8013
8011
8010
8009
8006
8006
8005
8005
8004
8003
8003
8003
8001
7998
7997
7997
7995
7993
7992
7992
7989
7989
7987
7987
7986
7981
7981
7979
7977
7977
7976
7975
7973
7972
7972
7972
7971
7970
7966
7965
7964
7963
7962
7961
7960
7960
7959
7959
7958
7955
7954
7953
7951
7950
7950
7949
7948
7946
7943
7943
7936
7933
7933
7928
7928
7927
7927
7925
7925
7923
7923
7922
7922
7916
7915
7915
7914
7914
7913
7912
7912
7912
7910
7909
7908
7908
7906
7905
7904
7902
7902
7901
7900
7900
7899
7899
7898
7898
7897
7895
7895
7894
7894
7892
7890
7889
7888
7886
7884
7883
7880
7880
7880
7880
7880
7879
7876
7876
7876
7874
7871
7871
7868
7868
7866
7864
7863
7863
7862
7862
7861
7860
7858
7856
7853
7851
7850
7850
7850
7849
7849
7847
7847
7847
7847
7847
7845
7844
7844
7844
7842
7842
7841
7839
7839
7837
7837
7836
7836
7835
7834
7834
7833
7832
7832
7830
7828
7828
7828
7828
7827
7827
7827
7825
7825
7824
7823
7823
7823
7823
7821
7820
7820
7820
7819
7819
7818
7817
7817
7816
7815
7815
7812
7810
7809
7807
7806
7805
7804
7802
7801
7800
7798
7798
7797
7797
7797
7796
7796
7795
7793
7793
7793
7791
7790
7788
7788
7787
7783
7781
7778
7778
7778
7777
7776
7775
7772
7771
7771
7770
7770
7770
7769
7767
7765
7764
7763
7761
7759
7757
7757
7756
7754
7753
7752
7751
7750
7749
7749
7747
7747
7747
7747
7747
7747
7746
7746
7743
7741
7738
7738
7735
7735
7735
7734
7733
7730
7728
7727
7726
7724
7724
7723
7721
7720
7719
7718
7717
7717
7714
7714
7714
7713
7713
7713
7712
7709
7707
7706
7704
7703
7703
7703
7702
7702
7702
7702
7701
7701
7700
7700
7700
7700
7698
7698
7697
7696
7695
7695
7692
7691
7689
7688
7687
7686
7684
7683
7682
7681
7681
7680
7676
7676
7673
7672
7670
7669
7666
7665
7665
7665
7663
7661
7659
7659
7658
7658
7657
7657
7657
7656
7655
7654
7653
7653
7652
7651
7650
7649
7649
7648
7647
7647
7647
7645
7645
7642
7638
7637
7636
7634
7632
7631
7630
7630
7629
7628
7627
7627
7626
7624
7621
7620
7618
7617
7616
7616
7616
7616
7615
7612
7612
7610
7609
7607
7606
7605
7604
7603
7602
7601
7600
7600
7598
7597
7597
7595
7594
7593
7590
7589
7588
7587
7586
7586
7585
7585
7585
7584
7583
7583
7581
7581
7580
7580
7579
7579
7579
7577
7576
7575
7574
7573
7570
7569
7569
7568
7567
7567
7565
7563
7562
7560
7560
7558
7556
7556
7555
7554
7553
7550
7550
7549
7549
7549
7548
7548
7548
7546
7544
7544
7544
7543
7542
7541
7540
7540
7539
7537
7535
7535
7533
7531
7531
7529
7528
7527
7526
7526
7525
7525
7524
7523
7522
7522
7521
7519
7519
7518
7517
7514
7514
7514
7513
7512
7509
7509
7508
7507
7507
7506
7504
7504
7503
7503
7503
7502
7501
7500
7497
7496
7495
7493
7492
7492
7491
7491
7490
7490
7490
7489
7488
7488
7487
7487
7487
7486
7486
7484
7483
7482
7480
7480
7478
7478
7477
7477
7477
7476
7472
7472
7469
7469
7468
7466
7464
7463
7463
7462
7462
7460
7459
7454
7454
7453
7453
7450
7450
7444
7443
7443
7441
7441
7440
7438
7438
7437
7436
7436
7434
7433
7433
7432
7431
7430
7430
7429
7427
7425
7423
7422
7421
7421
7420
7420
7419
7419
7418
7418
7418
7417
7417
7416
7415
7415
7414
7411
7410
7409
7406
7405
7405
7404
7403
7403
7400
7399
7396
7394
7394
7393
7390
7390
7390
7390
7388
7387
7386
7386
7385
7385
7385
7384
7384
7383
7382
7382
7382
7380
7379
7378
7378
7377
7376
7375
7373
7373
7373
7373
7371
7367
7366
7362
7359
7357
7354
7353
7353
7353
7353
7352
7351
7351
7350
7349
7348
7347
7346
7345
7344
7341
7341
7337
7337
7335
7333
7332
7330
7329
7327
7327
7327
7326
7325
7324
7320
7318
7318
7317
7317
7315
7314
7314
7313
7313
7312
7310
7310
7308
7308
7307
7307
7307
7307
7304
7304
7302
7302
7301
7300
7299
7297
7296
7296
7294
7293
7290
7290
7289
7289
7289
7287
7283
7283
7280
7280
7280
7279
7278
7278
7277
7275
7274
7274
7274
7274
7274
7269
7268
7267
7266
7266
7265
7265
7264
7264
7264
7263
7262
7261
7260
7256
7251
7251
7251
7249
7249
7247
7246
7246
7245
7244
7242
7238
7238
7237
7237
7236
7235
7234
7234
7233
7233
7231
7229
7228
7226
7225
7220
7219
7219
7218
7215
7215
7215
7215
7212
7211
7209
7209
7207
7205
7204
7204
7204
7203
7202
7198
7198
7198
7197
7196
7195
7195
7193
7193
7193
7192
7191
7191
7190
7190
7187
7186
7181
7181
7180
7179
7178
7178
7177
7176
7176
7175
7173
7173
7171
7171
7169
7168
7168
7168
7168
7167
7165
7164
7163
7161
7161
7160
7160
7158
7158
7158
7156
7155
7154
7152
7152
7151
7149
7148
7146
7145
7145
7144
7144
7143
7143
7142
7142
7142
7142
7141
7141
7141
7139
7138
7136
7136
7134
7133
7132
7132
7130
7127
7125
7125
7125
7123
7122
7121
7120
7119
7115
7114
7114
7112
7112
7111
7110
7109
7107
7106
7105
7103
7101
7101
7099
7099
7097
7097
7096
7096
7095
7094
7092
7092
7092
7089
7088
7088
7087
7086
7086
7085
7081
7076
7076
7075
7074
7074
7073
7067
7067
7065
7064
7064
7063
7063
7063
7059
7058
7057
7057
7056
7055
7055
7055
7054
7052
7052
7052
7049
7047
7047
7047
7046
7041
7041
7040
7040
7040
7040
7039
7039
7038
7036
7034
7034
7034
7034
7031
7031
7030
7029
7027
7024
7023
7023
7023
7023
7023
7023
7022
7021
7018
7017
7016
7016
7014
7013
7012
7012
7010
7010
7009
7009
7009
7007
7007
7004
7001
7000
6999
6997
6995
6993
6993
6992
6992
6992
6991
6990
6989
6987
6987
6985
6985
6984
6981
6980
6979
6978
6976
6976
6973
6972
6971
6971
6970
6969
6967
6966
6966
6966
6965
6964
6963
6962
6961
6961
6960
6960
6959
6959
6955
6954
6953
6953
6953
6952
6952
6951
6951
6950
6950
6948
6945
6941
6936
6935
6935
6935
6935
6931
6929
6927
6925
6925
6924
6921
6921
6920
6918
6914
6913
6913
6913
6911
6910
6908
6907
6902
6902
6902
6900
6899
6896
6896
6894
6890
6886
6886
6883
6883
6883
6882
6881
6879
6879
6878
6877
6874
6874
6874
6873
6870
6869
6869
6868
6867
6866
6866
6866
6866
6866
6865
6865
6863
6862
6861
6861
6858
6856
6856
6855
6855
6853
6853
6851
6851
6847
6846
6846
6845
6844
6844
6844
6839
6836
6836
6836
6833
6833
6832
6832
6830
6830
6829
6828
6825
6824
6823
6820
6820
6819
6818
6816
6816
6813
6813
6812
6810
6807
6805
6804
6803
6802
6801
6801
6800
6799
6799
6798
6798
6796
6795
6795
6794
6793
6792
6790
6789
6784
6784
6779
6774
6774
6774
6773
6772
6771
6769
6769
6767
6767
6765
6764
6763
6762
6760
6760
6760
6760
6759
6759
6758
6758
6758
6754
6754
6752
6751
6751
6749
6749
6747
6745
6745
6743
6742
6739
6737
6736
6735
6732
6730
6730
6730
6729
6728
6728
6727
6726
6726
6726
6725
6724
6723
6723
6723
6723
6723
6722
6722
6721
6721
6720
6718
6718
6716
6715
6715
6715
6711
6710
6709
6704
6704
6704
6704
6704
6703
6702
6702
6702
6702
6701
6700
6697
6696
6692
6692
6692
6690
6689
6689
6688
6687
6686
6686
6686
6685
6684
6680
6678
6678
6678
6678
6677
6677
6674
6674
6673
6672
6671
6669
6667
6666
6665
6665
6664
6663
6663
6661
6661
6659
6659
6659
6658
6656
6652
6650
6650
6649
6647
6645
6645
6644
6643
6640
6639
6638
6636
6636
6635
6635
6633
6633
6632
6631
6631
6630
6629
6629
6628
6626
6625
6625
6624
6622
6622
6622
6621
6620
6619
6619
6617
6617
6616
6615
6613
6611
6610
6609
6608
6607
6607
6606
6605
6604
6604
6603
6603
6602
6602
6600
6600
6599
6598
6598
6598
6596
6596
6594
6593
6593
6592
6592
6590
6587
6586
6586
6584
6584
6584
6584
6584
6583
6583
6583
6582
6580
6579
6579
6578
6578
6578
6577
6576
6575
6574
6573
6572
6572
6572
6572
6569
6569
6568
6567
6566
6563
6562
6562
6561
6560
6560
6559
6559
6558
6558
6557
6557
6556
6551
6550
6549
6548
6547
6546
6545
6545
6543
6543
6543
6540
6539
6539
6538
6537
6537
6535
6534
6532
6532
6530
6530
6529
6525
6523
6522
6521
6521
6518
6517
6516
6516
6515
6515
6514
6513
6513
6512
6509
6508
6508
6507
6506
6506
6505
6504
6504
6503
6501
6498
6498
6497
6496
6494
6494
6492
6490
6490
6485
6485
6484
6483
6483
6483
6480
6477
6476
6475
6474
6474
6474
6473
6472
6471
6470
6470
6469
6469
6468
6466
6466
6465
6464
6463
6462
6460
6459
6458
6456
6456
6455
6455
6454
6454
6453
6452
6451
6451
6449
6448
6447
6446
6445
6443
6443
6442
6442
6440
6439
6439
6437
6436
6434
6433
6433
6432
6432
6432
6431
6430
6426
6426
6426
6426
6424
6424
6423
6420
6420
6418
6417
6415
6412
6411
6410
6409
6408
6408
6407
6406
6406
6402
6402
6402
6402
6402
6401
6396
6396
6396
6396
6395
6393
6393
6393
6389
6389
6388
6388
6387
6387
6386
6383
6381
6381
6381
6378
6378
6377
6377
6377
6376
6376
6375
6375
6374
6374
6374
6374
6372
6372
6372
6370
6369
6367
6366
6366
6366
6366
6363
6362
6360
6360
6357
6357
6355
6355
6349
6346
6345
6343
6340
6338
6337
6335
6333
6333
6333
6332
6332
6327
6324
6323
6322
6320
6319
6319
6317
6317
6316
6316
6315
6313
6313
6310
6309
6309
6308
6306
6304
6303
6302
6300
6298
6297
6296
6295
6295
6295
6290
6289
6289
6288
6288
6285
6284
6283
6283
6282
6281
6281
6280
6277
6277
6276
6275
6275
6274
6273
6272
6271
6268
6266
6266
6264
6261
6260
6259
6258
6258
6256
6255
6254
6254
6250
6248
6248
6248
6247
6243
6241
6237
6237
6236
6236
6235
6235
6233
6232
6231
6229
6227
6226
6226
6226
6224
6224
6222
6221
6220
6220
6219
6218
6214
6214
6213
6213
6212
6211
6210
6210
6210
6209
6208
6208
6207
6206
6205
6205
6204
6203
6203
6203
6202
6202
6201
6200
6199
6198
6198
6197
6196
6196
6195
6195
6195
6193
6193
6193
6192
6191
6191
6190
6190
6188
6186
6184
6183
6183
6182
6182
6179
6179
6179
6179
6178
6178
6177
6173
6173
6172
6172
6170
6170
6169
6168
6163
6162
6160
6158
6158
6156
6156
6156
6155
6155
6154
6152
6152
6151
6151
6150
6150
6149
6147
6147
6147
6145
6145
6144
6142
6142
6142
6141
6140
6139
6138
6137
6134
6133
6128
6126
6126
6124
6122
6120
6119
6118
6118
6116
6116
6115
6113
6111
6108
6108
6106
6106
6106
6106
6105
6104
6103
6103
6102
6101
6101
6100
6100
6099
6098
6097
6096
6094
6091
6091
6091
6091
6090
6089
6089
6088
6085
6084
6084
6084
6081
6079
6079
6079
6079
6078
6078
6078
6077
6077
6076
6075
6073
6072
6070
6069
6068
6067
6066
6066
6066
6066
6065
6065
6064
6062
6058
6054
6053
6053
6051
6051
6050
6050
6047
6047
6046
6046
6045
6045
6042
6041
6041
6041
6039
6039
6037
6037
6036
6035
6035
6035
6035
6034
6034
6034
6032
6032
6031
6031
6031
6030
6030
6029
6029
6026
6026
6025
6025
6020
6020
6017
6017
6015
6015
6014
6014
6014
6014
6012
6010
6006
6006
6004
6003
6002
6001
6001
5998
5998
5998
5994
5994
5994
5990
5990
5989
5988
5985
5981
5980
5978
5978
5978
5977
5977
5976
5976
5976
5975
5975
5973
5973
5971
5970
5969
5963
5962
5961
5961
5960
5954
5953
5951
5950
5948
5948
5948
5945
5945
5944
5942
5941
5940
5939
5937
5937
5935
5934
5933
5931
5928
5928
5927
5927
5927
5927
5927
5926
5926
5924
5923
5923
5922
5922
5922
5921
5918
5917
5917
5917
5916
5914
5914
5914
5913
5912
5912
5911
5910
5909
5909
5908
5908
5908
5907
5904
5904
5903
5903
5902
5901
5901
5898
5897
5897
5896
5896
5895
5894
5893
5892
5892
5891
5890
5889
5887
5885
5885
5885
5885
5883
5883
5882
5878
5878
5878
5878
5877
5875
5873
5872
5872
5870
5870
5869
5868
5868
5866
5866
5865
5864
5863
5863
5862
5861
5861
5861
5860
5859
5858
5858
5857
5856
5853
5852
5851
5851
5851
5851
5850
5849
5847
5847
5847
5846
5846
5846
5846
5844
5844
5843
5843
5840
5838
5837
5835
5835
5830
5830
5829
5828
5826
5826
5825
5825
5824
5823
5822
5822
5821
5820
5818
5818
5818
5817
5817
5816
5816
5815
5815
5815
5814
5814
5814
5814
5813
5813
5811
5811
5810
5810
5810
5808
5807
5806
5805
5805
5804
5804
5803
5803
5798
5798
5796
5796
5795
5795
5794
5791
5789
5788
5788
5787
5786
5785
5785
5785
5784
5784
5783
5780
5779
5777
5777
5777
5776
5775
5771
5771
5770
5770
5769
5768
5766
5766
5764
5763
5763
5763
5760
5759
5757
5756
5755
5755
5755
5755
5754
5754
5753
5753
5752
5749
5748
5748
5748
5747
5747
5746
5746
5746
5746
5744
5744
5744
5742
5741
5740
5740
5739
5738
5737
5736
5736
5735
5734
5730
5729
5726
5725
5725
5724
5722
5721
5721
5719
5719
5719
5718
5717
5717
5716
5715
5714
5714
5713
5711
5710
5710
5710
5709
5709
5706
5706
5706
5704
5704
5703
5702
5701
5700
5699
5699
5697
5697
5695
5694
5694
5692
5691
5691
5690
5690
5687
5686
5686
5686
5685
5684
5684
5683
5683
5678
5678
5677
5677
5677
5675
5675
5674
5674
5670
5667
5667
5667
5667
5666
5665
5664
5662
5660
5657
5657
5656
5654
5654
5654
5652
5651
5650
5650
5649
5649
5648
5647
5646
5646
5645
5643
5642
5641
5640
5639
5638
5638
5637
5637
5637
5635
5635
5635
5626
5625
5625
5625
5623
5623
5623
5620
5619
5616
5616
5615
5614
5613
5613
5612
5612
5610
5608
5608
5605
5604
5603
5603
5602
5601
5600
5600
5600
5599
5596
5595
5594
5591
5590
5589
5589
5589
5587
5582
5582
5581
5578
5576
5576
5576
5575
5573
5573
5571
5570
5570
5569
5569
5568
5568
5567
5565
5563
5562
5561
5561
5561
5561
5560
5560
5556
5554
5554
5553
5551
5551
5551
5551
5550
5549
5548
5547
5547
5546
5546
5545
5545
5542
5542
5542
5539
5538
5536
5535
5534
5532
5529
5528
5528
5527
5526
5526
5524
5524
5522
5521
5520
5520
5519
5518
5517
5517
5517
5515
5515
5512
5507
5506
5502
5501
5500
5500
5499
5498
5495
5494
5494
5493
5488
5487
5485
5485
5482
5482
5481
5480
5479
5478
5477
5476
5476
5476
5475
5475
5474
5474
5472
5470
5470
5468
5467
5465
5464
5463
5463
5462
5462
5461
5461
5461
5460
5460
5458
5457
5456
5456
5456
5456
5454
5454
5453
5452
5452
5451
5450
5450
5450
5445
5445
5442
5441
5441
5438
5438
5437
5437
5434
5433
5433
5432
5431
5431
5430
5430
5429
5429
5427
5426
5426
5425
5421
5421
5420
5420
5420
5418
5418
5417
5416
5416
5413
5411
5410
5410
5409
5408
5407
5407
5404
5404
5403
5401
5401
5399
5396
5394
5394
5394
5393
5392
5391
5391
5390
5389
5388
5386
5384
5384
5382
5381
5381
5380
5378
5378
5375
5374
5373
5373
5372
5372
5371
5371
5371
5370
5369
5368
5368
5365
5364
5363
5362
5361
5361
5360
5357
5357
5356
5356
5355
5355
5355
5354
5354
5353
5350
5350
5349
5343
5342
5342
5342
5338
5338
5338
5338
5338
5337
5335
5335
5334
5329
5326
5325
5325
5325
5323
5322
5321
5321
5318
5317
5316
5315
5315
5314
5314
5313
5313
5312
5312
5311
5311
5310
5310
5309
5307
5306
5303
5302
5301
5300
5297
5296
5296
5295
5293
5289
5289
5285
5285
5283
5282
5280
5279
5279
5278
5275
5274
5272
5270
5269
5268
5267
5267
5267
5266
5266
5263
5262
5262
5260
5259
5257
5254
5248
5248
5248
5246
5245
5245
5243
5243
5242
5239
5238
5237
5236
5235
5234
5234
5234
5233
5233
5231
5230
5229
5226
5224
5223
5223
5222
5221
5218
5217
5217
5215
5214
5214
5214
5214
5209
5208
5208
5207
5205
5205
5205
5205
5205
5204
5204
5202
5202
5202
5201
5200
5198
5196
5196
5195
5195
5194
5194
5194
5192
5191
5190
5189
5187
5186
5184
5179
5179
5179
5177
5175
5174
5174
5172
5171
5170
5168
5167
5167
5165
5165
5163
5163
5160
5160
5159
5158
5158
5158
5155
5154
5154
5151
5151
5150
5149
5147
5147
5145
5144
5144
5144
5143
5143
5143
5143
5142
5142
5137
5137
5137
5136
5136
5134
5133
5132
5130
5129
5128
5127
5127
5127
5127
5127
5126
5126
5126
5125
5125
5125
5123
5122
5122
5122
5122
5121
5120
5118
5117
5116
5115
5114
5113
5112
5107
5107
5106
5105
5104
5104
5103
5102
5101
5101
5100
5099
5099
5097
5097
5096
5095
5094
5092
5092
5091
5091
5090
5086
5086
5085
5081
5081
5081
5080
5080
5080
5079
5079
5076
5076
5076
5076
5074
5074
5074
5073
5071
5071
5070
5070
5068
5067
5066
5066
5064
5064
5064
5062
5062
5061
5060
5060
5058
5057
5057
5056
5054
5054
5053
5052
5051
5051
5051
5051
5049
5049
5041
5041
5040
5039
5038
5038
5034
5033
5033
5032
5032
5031
5031
5030
5028
5025
5022
5022
5021
5020
5018
5017
5017
5016
5015
5013
5010
5007
5007
5006
5006
5005
5004
4998
4997
4997
4996
4993
4991
4990
4988
4987
4987
4986
4985
4984
4983
4981
4981
4981
4978
4977
4977
4977
4976
4974
4974
4973
4972
4971
4971
4971
4970
4969
4968
4964
4963
4962
4962
4960
4957
4956
4950
4950
4948
4948
4947
4947
4946
4944
4944
4942
4942
4941
4940
4939
4936
4936
4936
4935
4933
4933
4933
4932
4932
4932
4930
4929
4927
4926
4926
4924
4923
4922
4921
4919
4918
4918
4918
4916
4915
4913
4912
4911
4909
4907
4906
4904
4904
4904
4899
4899
4898
4897
4893
4892
4892
4891
4891
4890
4890
4889
4889
4889
4888
4887
4886
4885
4885
4884
4884
4883
4883
4883
4882
4882
4881
4881
4879
4876
4872
4872
4868
4867
4867
4867
4867
4866
4864
4864
4862
4859
4859
4858
4858
4856
4856
4855
4855
4853
4853
4852
4851
4847
4846
4846
4846
4846
4844
4842
4834
4834
4834
4830
4829
4828
4826
4825
4823
4822
4821
4821
4819
4819
4818
4817
4816
4815
4815
4813
4811
4809
4809
4808
4807
4807
4807
4806
4804
4804
4804
4803
4803
4803
4802
4801
4800
4798
4798
4798
4797
4797
4796
4794
4794
4792
4791
4790
4789
4789
4788
4787
4786
4785
4785
4784
4782
4779
4779
4778
4777
4777
4776
4774
4774
4773
4773
4773
4773
4770
4770
4770
4770
4767
4766
4765
4764
4761
4761
4759
4759
4759
4758
4757
4757
4757
4756
4755
4751
4751
4751
4750
4750
4749
4748
4747
4743
4743
4742
4741
4740
4739
4738
4738
4737
4736
4735
4734
4734
4729
4728
4728
4728
4727
4727
4727
4726
4725
4724
4724
4724
4722
4722
4722
4721
4719
4718
4716
4715
4714
4713
4711
4711
4710
4708
4705
4703
4703
4703
4702
4702
4701
4701
4700
4699
4698
4698
4697
4697
4697
4696
4695
4695
4695
4694
4693
4693
4693
4693
4693
4689
4685
4685
4684
4683
4682
4680
4680
4679
4678
4678
4677
4677
4676
4675
4675
4674
4674
4673
4670
4670
4669
4668
4668
4667
4664
4663
4663
4661
4658
4657
4657
4655
4655
4655
4654
4653
4652
4650
4644
4643
4643
4643
4642
4642
4642
4641
4641
4641
4640
4640
4638
4638
4637
4637
4637
4636
4635
4635
4634
4633
4632
4632
4632
4630
4629
4629
4627
4623
4623
4623
4623
4622
4622
4617
4617
4616
4615
4614
4611
4609
4608
4608
4608
4608
4607
4605
4603
4602
4601
4600
4596
4594
4593
4593
4593
4591
4591
4591
4591
4590
4588
4586
4585
4585
4583
4582
4581
4580
4580
4579
4578
4578
4577
4577
4576
4576
4576
4573
4573
4571
4571
4570
4570
4569
4568
4568
4567
4565
4565
4565
4563
4562
4562
4559
4557
4556
4556
4553
4551
4551
4550
4548
4547
4547
4547
4544
4543
4543
4542
4541
4537
4537
4537
4536
4536
4535
4535
4535
4532
4531
4531
4530
4529
4529
4528
4526
4525
4524
4523
4522
4522
4522
4521
4521
4519
4518
4517
4516
4516
4513
4513
4509
4508
4507
4506
4506
4506
4505
4503
4501
4501
4501
4499
4499
4498
4498
4498
4497
4497
4496
4495
4494
4490
4488
4488
4485
4484
4483
4483
4480
4479
4478
4477
4477
4474
4474
4473
4472
4470
4469
4469
4468
4468
4468
4468
4467
4466
4463
4462
4461
4461
4461
4460
4459
4458
4457
4455
4454
4453
4453
4452
4450
4450
4449
4447
4445
4445
4442
4441
4438
4437
4437
4436
4436
4431
4426
4425
4425
4425
4425
4423
4421
4421
4420
4419
4419
4418
4418
4418
4417
4416
4416
4415
4415
4414
4413
4413
4413
4411
4411
4410
4410
4409
4409
4409
4407
4406
4405
4403
4403
4403
4402
4401
4399
4398
4398
4397
4396
4396
4395
4395
4395
4395
4394
4394
4393
4392
4391
4390
4389
4388
4386
4386
4386
4384
4384
4384
4384
4383
4383
4383
4383
4382
4382
4380
4379
4376
4376
4376
4376
4375
4375
4375
4372
4372
4371
4370
4370
4369
4368
4368
4364
4363
4363
4362
4361
4360
4358
4358
4356
4356
4353
4352
4352
4349
4348
4348
4347
4347
4347
4345
4345
4344
4343
4342
4342
4342
4340
4339
4338
4338
4337
4337
4336
4335
4334
4332
4331
4331
4330
4328
4328
4327
4327
4325
4325
4324
4322
4321
4321
4321
4317
4315
4314
4311
4310
4306
4306
4305
4305
4304
4304
4302
4301
4299
4299
4298
4295
4292
4292
4291
4291
4291
4289
4288
4286
4286
4285
4285
4283
4283
4281
4281
4281
4279
4279
4276
4275
4275
4274
4273
4272
4272
4271
4270
4269
4269
4269
4267
4266
4266
4264
4262
4260
4260
4259
4259
4259
4258
4258
4256
4255
4255
4251
4249
4249
4247
4246
4245
4245
4243
4243
4243
4243
4241
4240
4239
4236
4235
4235
4235
4234
4233
4232
4231
4231
4231
4230
4229
4229
4228
4224
4223
4222
4222
4221
4219
4218
4216
4215
4214
4213
4213
4213
4212
4212
4212
4209
4209
4209
4209
4207
4206
4205
4204
4203
4203
4201
4201
4200
4200
4200
4199
4196
4196
4196
4192
4191
4191
4191
4190
4188
4187
4185
4184
4181
4181
4180
4177
4174
4173
4173
4173
4169
4167
4166
4166
4165
4165
4164
4164
4160
4160
4159
4158
4156
4155
4155
4154
4154
4154
4153
4152
4151
4150
4149
4149
4148
4148
4148
4147
4147
4145
4145
4145
4142
4142
4142
4141
4138
4134
4133
4132
4131
4130
4127
4127
4127
4126
4123
4123
4123
4121
4120
4119
4117
4117
4116
4116
4115
4115
4113
4112
4110
4108
4106
4103
4102
4101
4100
4099
4099
4099
4098
4096
4096
4095
4093
4090
4089
4087
4087
4085
4084
4083
4082
4081
4081
4080
4079
4077
4076
4076
4073
4073
4070
4070
4068
4067
4066
4065
4065
4062
4061
4060
4059
4059
4058
4058
4058
4056
4055
4054
4053
4053
4052
4052
4051
4051
4051
4050
4049
4049
4049
4048
4046
4046
4044
4044
4043
4039
4037
4036
4035
4034
4033
4031
4030
4028
4028
4027
4025
4025
4023
4019
4017
4015
4013
4013
4012
4012
4012
4011
4010
4007
4004
4004
4003
4003
4002
4000
4000
3996
3995
3994
3994
3993
3990
3990
3988
3988
3987
3987
3985
3985
3984
3982
3981
3980
3980
3979
3975
3972
3972
3969
3968
3964
3963
3963
3963
3961
3961
3959
3959
3955
3955
3953
3952
3952
3951
3951
3950
3948
3948
3946
3946
3946
3945
3941
3940
3939
3939
3936
3936
3935
3935
3933
3932
3931
3930
3930
3930
3928
3928
3928
3926
3924
3924
3924
3923
3923
3923
3919
3919
3919
3918
3917
3917
3913
3911
3910
3909
3909
3908
3907
3906
3906
3905
3905
3905
3904
3903
3902
3900
3899
3899
3899
3898
3898
3896
3895
3895
3890
3887
3884
3883
3883
3881
3880
3879
3878
3878
3877
3877
3873
3872
3871
3871
3869
3868
3866
3865
3859
3858
3858
3857
3856
3853
3851
3850
3849
3849
3849
3848
3848
3848
3846
3845
3843
3841
3841
3837
3836
3836
3833
3827
3825
3822
3819
3816
3816
3816
3815
3815
3814
3813
3811
3810
3810
3810
3808
3808
3806
3805
3805
3805
3805
3804
3802
3801
3798
3798
3798
3797
3796
3796
3795
3794
3794
3794
3793
3793
3792
3792
3791
3789
3788
3787
3787
3787
3786
3785
3783
3783
3782
3781
3779
3779
3778
3778
3776
3776
3776
3775
3774
3774
3771
3770
3768
3768
3766
3765
3763
3763
3762
3762
3762
3761
3761
3757
3757
3756
3756
3755
3753
3753
3752
3750
3750
3748
3748
3748
3747
3746
3743
3742
3741
3739
3738
3736
3735
3735
3735
3731
3728
3728
3728
3727
3727
3727
3727
3727
3724
3722
3721
3720
3718
3717
3717
3716
3714
3713
3712
3711
3711
3710
3710
3708
3708
3707
3707
3705
3704
3704
3703
3702
3700
3700
3699
3697
3696
3696
3694
3693
3691
3691
3690
3689
3683
3682
3682
3679
3679
3679
3679
3678
3678
3677
3675
3673
3672
3672
3672
3671
3669
3669
3669
3668
3667
3667
3666
3666
3665
3664
3663
3662
3662
3660
3659
3659
3659
3658
3657
3656
3656
3656
3653
3653
3652
3651
3650
3648
3646
3645
3644
3644
3644
3643
3641
3641
3639
3637
3635
3634
3632
3630
3630
3629
3628
3627
3627
3626
3626
3626
3626
3626
3624
3624
3624
3624
3623
3621
3621
3618
3616
3616
3615
3615
3615
3615
3615
3614
3613
3613
3612
3611
3611
3607
3605
3603
3602
3602
3599
3598
3597
3597
3596
3595
3593
3592
3591
3590
3590
3588
3587
3587
3585
3584
3583
3582
3582
3582
3581
3580
3579
3579
3578
3577
3576
3575
3575
3575
3574
3573
3571
3570
3569
3568
3568
3568
3568
3566
3566
3565
3564
3563
3562
3562
3561
3561
3556
3555
3555
3555
3555
3555
3554
3552
3551
3549
3548
3548
3547
3547
3546
3546
3545
3545
3545
3544
3542
3542
3541
3538
3537
3536
3536
3534
3533
3532
3531
3529
3528
3528
3528
3527
3526
3524
3524
3522
3522
3520
3519
3518
3518
3518
3517
3509
3509
3508
3508
3508
3506
3503
3502
3501
3500
3499
3498
3498
3497
3497
3496
3496
3495
3494
3491
3488
3487
3486
3484
3482
3481
3480
3480
3479
3478
3476
3475
3475
3473
3473
3472
3471
3470
3466
3464
3463
3462
3462
3459
3459
3458
3456
3456
3456
3454
3451
3450
3450
3450
3449
3448
3448
3447
3447
3447
3446
3446
3442
3442
3441
3441
3439
3439
3437
3435
3434
3434
3433
3432
3432
3430
3430
3430
3430
3429
3429
3427
3425
3425
3422
3422
3422
3421
3421
3421
3420
3420
3417
3416
3416
3415
3414
3412
3411
3408
3407
3403
3402
3401
3400
3400
3399
3398
3397
3397
3395
3392
3392
3389
3388
3387
3386
3386
3385
3384
3384
3384
3383
3383
3383
3382
3382
3382
3381
3381
3380
3380
3378
3378
3378
3377
3377
3376
3376
3375
3373
3373
3371
3365
3362
3358
3357
3356
3356
3353
3353
3353
3352
3351
3350
3350
3350
3348
3345
3343
3342
3340
3339
3339
3338
3336
3336
3335
3334
3332
3331
3330
3329
3328
3327
3326
3324
3324
3323
3323
3323
3319
3316
3316
3316
3312
3311
3310
3310
3308
3308
3307
3306
3306
3305
3304
3303
3300
3299
3299
3298
3298
3296
3296
3294
3292
3292
3290
3288
3288
3288
3288
3288
3287
3285
3285
3283
3283
3282
3280
3279
3279
3278
3278
3277
3276
3275
3274
3273
3272
3272
3269
3269
3269
3267
3264
3263
3263
3261
3259
3259
3258
3257
3256
3256
3256
3255
3253
3251
3251
3249
3245
3245
3243
3242
3241
3240
3239
3238
3238
3237
3235
3235
3235
3230
3230
3225
3225
3224
3221
3220
3220
3212
3212
3209
3208
3208
3206
3205
3204
3203
3200
3198
3197
3197
3195
3194
3191
3188
3183
3182
3181
3180
3180
3180
3179
3178
3177
3174
3174
3174
3173
3170
3169
3168
3163
3162
3162
3162
3161
3160
3158
3157
3155
3153
3151
3151
3150
3150
3148
3148
3145
3143
3143
3141
3140
3136
3135
3135
3133
3133
3132
3132
3131
3129
3125
3123
3123
3122
3122
3122
3120
3119
3116
3113
3111
3110
3109
3109
3108
3108
3107
3106
3105
3104
3102
3100
3099
3096
3096
3096
3093
3092
3089
3088
3088
3087
3086
3085
3085
3083
3082
3081
3081
3081
3080
3075
3075
3072
3071
3069
3069
3069
3068
3067
3067
3067
3064
3063
3062
3062
3062
3061
3061
3058
3056
3056
3054
3054
3053
3053
3053
3052
3052
3051
3049
3048
3048
3048
3047
3047
3046
3046
3046
3046
3045
3044
3044
3042
3042
3041
3040
3040
3038
3038
3038
3037
3037
3037
3033
3033
3032
3030
3030
3029
3029
3028
3027
3027
3027
3026
3026
3025
3022
3021
3021
3020
3019
3019
3018
3016
3015
3014
3012
3011
3009
3008
3006
3005
3003
3002
3001
3001
3000
3000
2999
2999
2997
2997
2997
2993
2990
2988
2988
2987
2987
2986
2986
2985
2985
2984
2984
2983
2983
2982
2980
2980
2980
2975
2973
2969
2968
2965
2964
2963
2963
2963
2962
2960
2959
2959
2958
2958
2955
2953
2953
2953
2952
2952
2951
2950
2949
2948
2948
2947
2944
2943
2943
2939
2939
2938
2938
2938
2938
2937
2936
2936
2936
2935
2935
2935
2934
2932
2931
2931
2930
2928
2928
2925
2923
2922
2919
2919
2919
2919
2918
2917
2911
2908
2907
2906
2905
2905
2903
2903
2902
2901
2901
2900
2899
2899
2896
2895
2893
2891
2891
2890
2890
2889
2889
2888
2886
2886
2883
2878
2876
2875
2874
2874
2873
2873
2873
2870
2866
2864
2863
2863
2859
2858
2857
2853
2850
2850
2849
2848
2848
2847
2845
2841
2841
2841
2840
2839
2839
2839
2838
2838
2837
2836
2834
2834
2830
2829
2826
2823
2823
2822
2822
2821
2820
2820
2820
2819
2818
2817
2816
2816
2815
2814
2813
2811
2810
2809
2807
2806
2804
2802
2802
2801
2799
2798
2798
2798
2797
2796
2796
2795
2792
2792
2792
2790
2790
2790
2789
2787
2785
2781
2780
2780
2779
2776
2776
2775
2775
2774
2774
2773
2773
2772
2769
2768
2768
2768
2767
2766
2766
2765
2763
2761
2760
2756
2755
2752
2748
2748
2747
2746
2745
2744
2743
2742
2742
2739
2737
2736
2734
2734
2733
2732
2731
2731
2731
2729
2727
2725
2724
2724
2722
2720
2719
2717
2715
2713
2712
2710
2710
2709
2709
2708
2707
2707
2706
2704
2704
2703
2702
2700
2699
2699
2697
2697
2696
2695
2695
2695
2694
2693
2689
2686
2686
2685
2684
2684
2684
2683
2682
2682
2680
2679
2673
2671
2671
2665
2664
2664
2663
2662
2661
2661
2661
2660
2660
2659
2658
2658
2658
2657
2657
2656
2654
2652
2649
2648
2646
2646
2645
2643
2640
2638
2637
2635
2635
2635
2634
2633
2632
2631
2629
2627
2627
2623
2621
2621
2620
2619
2618
2618
2616
2614
2613
2613
2612
2612
2608
2605
2601
2599
2598
2597
2597
2596
2595
2594
2593
2593
2591
2588
2586
2585
2585
2584
2583
2582
2581
2581
2580
2579
2578
2577
2575
2575
2574
2573
2573
2573
2572
2572
2572
2571
2567
2566
2565
2564
2564
2563
2563
2561
2561
2560
2560
2559
2557
2557
2556
2555
2555
2551
2550
2550
2549
2549
2547
2546
2546
2545
2544
2542
2542
2539
2538
2538
2536
2536
2535
2530
2529
2529
2527
2525
2525
2525
2525
2523
2522
2521
2521
2521
2520
2520
2519
2518
2516
2515
2514
2513
2513
2512
2512
2510
2510
2509
2508
2507
2506
2504
2502
2502
2499
2499
2498
2497
2497
2496
2495
2492
2491
2490
2490
2489
2485
2484
2483
2481
2480
2480
2480
2478
2478
2477
2475
2474
2474
2471
2471
2470
2469
2469
2469
2469
2469
2468
2468
2466
2466
2466
2465
2465
2465
2464
2464
2464
2462
2456
2456
2456
2454
2453
2451
2451
2451
2449
2448
2447
2445
2444
2444
2444
2441
2441
2440
2439
2438
2438
2438
2437
2432
2432
2431
2431
2431
2430
2426
2424
2423
2423
2419
2418
2418
2417
2417
2416
2416
2415
2415
2414
2414
2411
2410
2409
2407
2405
2404
2404
2403
2403
2402
2402
2401
2400
2399
2397
2396
2395
2395
2393
2392
2391
2391
2391
2391
2390
2390
2390
2390
2389
2389
2389
2388
2385
2385
2383
2381
2379
2377
2377
2374
2373
2371
2371
2370
2370
2369
2368
2368
2368
2367
2366
2365
2365
2365
2363
2356
2355
2355
2355
2354
2353
2353
2353
2349
2349
2348
2348
2348
2346
2346
2343
2338
2337
2337
2337
2333
2332
2330
2330
2329
2325
2324
2323
2323
2317
2317
2317
2317
2314
2313
2313
2312
2310
2307
2307
2306
2306
2302
2301
2300
2300
2299
2297
2297
2296
2295
2295
2294
2294
2293
2291
2289
2288
2286
2285
2285
2285
2283
2282
2281
2279
2279
2279
2278
2275
2275
2274
2274
2273
2273
2272
2272
2271
2268
2263
2262
2262
2261
2261
2261
2260
2260
2259
2258
2253
2252
2250
2249
2249
2248
2248
2245
2245
2243
2243
2241
2241
2240
2240
2239
2233
2232
2230
2229
2229
2226
2225
2225
2224
2223
2222
2221
2219
2218
2217
2217
2217
2214
2214
2213
2211
2210
2210
2209
2208
2206
2204
2203
2203
2202
2200
2200
2200
2199
2199
2198
2197
2190
2190
2187
2186
2186
2185
2183
2183
2180
2180
2180
2180
2179
2179
2178
2178
2176
2175
2174
2174
2174
2173
2171
2170
2169
2168
2168
2163
2163
2163
2162
2161
2160
2157
2157
2157
2155
2155
2154
2154
2153
2152
2151
2151
2151
2150
2147
2145
2144
2140
2140
2139
2137
2137
2136
2136
2136
2135
2135
2135
2133
2131
2131
2131
2130
2130
2129
2129
2128
2128
2125
2124
2122
2122
2122
2122
2120
2118
2117
2114
2112
2112
2112
2111
2110
2108
2107
2107
2105
2099
2099
2098
2096
2096
2094
2093
2091
2090
2089
2089
2088
2088
2087
2087
2087
2084
2084
2083
2083
2080
2079
2079
2077
2074
2072
2071
2070
2070
2068
2065
2063
2063
2062
2061
2061
2061
2061
2060
2059
2054
2054
2051
2048
2045
2043
2043
2043
2043
2041
2040
2040
2038
2036
2035
2035
2034
2034
2034
2033
2029
2027
2026
2026
2026
2025
2024
2024
2022
2021
2020
2019
2019
2018
2017
2015
2014
2012
2012
2012
2010
2010
2010
2009
2009
2008
2006
2005
2002
2002
2001
1999
1997
1995
1993
1992
1991
1988
1988
1987
1986
1986
1986
1985
1984
1983
1982
1982
1982
1978
1977
1976
1976
1975
1972
1972
1970
1968
1968
1967
1964
1963
1963
1960
1960
1958
1956
1955
1955
1953
1951
1951
1950
1949
1947
1945
1943
1943
1942
1939
1939
1937
1936
1935
1934
1933
1933
1930
1929
1929
1928
1928
1920
1920
1919
1918
1917
1916
1916
1914
1912
1910
1909
1907
1907
1905
1905
1903
1903
1902
1902
1902
1901
1901
1900
1899
1899
1899
1898
1897
1894
1893
1890
1888
1886
1885
1885
1884
1883
1881
1881
1881
1879
1872
1871
1870
1868
1868
1865
1865
1861
1860
1858
1858
1858
1857
1856
1856
1853
1852
1850
1849
1848
1848
1848
1847
1846
1845
1844
1842
1841
1841
1841
1840
1838
1837
1837
1837
1834
1831
1829
1827
1826
1826
1826
1823
1822
1821
1820
1820
1819
1819
1819
1818
1817
1816
1812
1812
1811
1810
1809
1809
1809
1808
1803
1802
1801
1799
1798
1794
1794
1794
1793
1793
1792
1789
1788
1788
1787
1785
1780
1778
1777
1775
1775
1773
1772
1770
1769
1769
1768
1768
1768
1766
1766
1765
1762
1762
1762
1761
1760
1760
1760
1759
1757
1755
1754
1754
1750
1750
1749
1748
1747
1746
1745
1745
1743
1742
1742
1742
1741
1740
1740
1739
1738
1738
1737
1737
1736
1735
1735
1734
1733
1730
1730
1728
1728
1728
1727
1722
1721
1719
1718
1718
1717
1717
1715
1714
1714
1711
1710
1710
1709
1708
1707
1706
1706
1703
1703
1701
1701
1701
1701
1699
1698
1693
1692
1688
1686
1685
1685
1685
1685
1684
1682
1681
1680
1678
1678
1677
1677
1674
1674
1674
1674
1672
1671
1670
1669
1668
1668
1667
1667
1666
1665
1665
1664
1663
1659
1651
1649
1649
1648
1645
1644
1644
1642
1641
1641
1641
1640
1639
1639
1639
1638
1638
1637
1635
1634
1633
1627
1627
1626
1626
1625
1624
1623
1623
1622
1621
1621
1619
1618
1617
1617
1617
1616
1614
1613
1613
1613
1607
1607
1606
1604
1604
1603
1602
1601
1600
1599
1598
1598
1595
1595
1593
1588
1588
1588
1585
1583
1582
1582
1582
1580
1579
1579
1578
1578
1578
1577
1575
1574
1573
1573
1572
1571
1571
1570
1570
1570
1569
1568
1568
1567
1566
1566
1565
1563
1563
1563
1561
1561
1561
1560
1560
1559
1559
1558
1556
1555
1554
1553
1551
1549
1548
1547
1546
1544
1543
1543
1543
1541
1541
1540
1537
1535
1532
1529
1528
1528
1528
1527
1525
1523
1521
1518
1517
1517
1514
1511
1510
1510
1508
1507
1507
1505
1505
1504
1504
1503
1501
1500
1500
1500
1498
1498
1498
1496
1494
1493
1492
1492
1492
1492
1491
1490
1490
1488
1488
1487
1487
1486
1486
1485
1484
1484
1484
1483
1481
1479
1478
1478
1477
1477
1476
1475
1475
1474
1470
1469
1466
1463
1461
1461
1461
1456
1453
1453
1452
1450
1450
1449
1449
1449
1445
1445
1444
1443
1443
1443
1443
1442
1442
1441
1439
1438
1438
1438
1437
1435
1434
1434
1434
1434
1433
1433
1431
1428
1427
1426
1426
1425
1423
1422
1422
1422
1422
1419
1419
1419
1415
1414
1413
1412
1411
1411
1411
1410
1410
1408
1408
1407
1405
1404
1403
1402
1402
1402
1402
1400
1400
1398
1398
1398
1397
1396
1396
1395
1394
1384
1384
1379
1379
1378
1377
1376
1376
1371
1368
1368
1368
1367
1367
1364
1362
1362
1362
1359
1359
1359
1358
1357
1354
1353
1353
1353
1353
1352
1352
1351
1349
1348
1348
1348
1347
1347
1347
1346
1346
1346
1346
1345
1343
1341
1341
1341
1339
1338
1336
1335
1334
1333
1333
1330
1328
1328
1328
1327
1327
1327
1326
1323
1322
1321
1319
1317
1316
1315
1314
1314
1314
1313
1312
1310
1309
1306
1304
1303
1303
1302
1302
1299
1299
1299
1297
1297
1296
1295
1295
1294
1289
1288
1288
1285
1284
1281
1281
1281
1280
1279
1279
1279
1278
1275
1274
1274
1273
1273
1273
1272
1269
1268
1268
1267
1263
1259
1258
1258
1257
1257
1255
1255
1254
1251
1251
1251
1250
1249
1248
1247
1246
1246
1246
1244
1243
1242
1240
1239
1237
1235
1235
1234
1233
1233
1233
1231
1228
1227
1226
1224
1224
1223
1221
1221
1218
1217
1215
1215
1215
1214
1214
1212
1208
1206
1205
1203
1201
1199
1199
1199
1198
1196
1196
1194
1194
1193
1191
1190
1186
1185
1185
1184
1183
1183
1182
1181
1180
1180
1179
1179
1177
1175
1174
1171
1171
1170
1168
1168
1165
1164
1164
1161
1159
1158
1157
1157
1157
1152
1150
1150
1150
1150
1150
1149
1148
1148
1147
1144
1144
1144
1143
1138
1137
1129
1128
1127
1127
1124
1124
1124
1124
1122
1120
1120
1119
1118
1117
1117
1114
1113
1112
1110
1110
1109
1109
1106
1106
1105
1105
1105
1104
1103
1103
1102
1102
1101
1101
1101
1098
1091
1090
1090
1089
1086
1086
1085
1083
1082
1082
1081
1079
1079
1079
1078
1078
1078
1078
1078
1074
1074
1073
1071
1068
1068
1067
1066
1066
1065
1064
1060
1060
1059
1058
1058
1055
1054
1052
1051
1051
1049
1049
1047
1047
1046
1045
1044
1044
1043
1042
1041
1040
1039
1039
1038
1037
1036
1036
1035
1034
1034
1034
1031
1029
1029
1028
1027
1027
1026
1026
1025
1017
1016
1016
1014
1014
1012
1011
1010
1009
1007
1005
1004
1000
1000
 998
 996
 996
 996
 995
 994
 992
 991
 991
 990
 990
 990
 989
 988
 987
 984
 984
 982
 982
 982
 981
 980
 980
 980
 977
 977
 977
 976
 976
 975
 974
 972
 972
 971
 971
 970
 970
 969
 968
 967
 965
 965
 965
 964
 963
 962
 959
 959
 955
 954
 953
 952
 950
 949
 948
 947
 945
 944
 943
 940
 939
 939
 939
 938
 938
 937
 936
 936
 935
 935
 934
 932
 931
 928
 926
 926
 926
 925
 925
 923
 923
 919
 918
 918
 918
 917
 917
 917
 916
 914
 912
 912
 911
 910
 910
 908
 908
 907
 906
 905
 903
 903
 900
 897
 896
 896
 895
 893
 891
 891
 890
 889
 888
 886
 886
 885
 885
 884
 883
 883
 882
 882
 882
 881
 880
 879
 877
 877
 877
 874
 873
 872
 870
 866
 865
 864
 861
 860
 859
 858
 856
 855
 855
 853
 853
 851
 849
 848
 848
 848
 848
 847
 847
 845
 845
 844
 842
 841
 839
 839
 838
 836
 836
 836
 836
 834
 834
 833
 830
 830
 828
 827
 827
 826
 824
 824
 824
 823
 822
 822
 820
 820
 819
 818
 817
 817
 815
 810
 808
 808
 807
 807
 806
 806
 803
 803
 800
 800
 799
 799
 798
 798
 797
 797
 796
 794
 792
 791
 791
 789
 787
 787
 786
 786
 785
 785
 785
 784
 782
 782
 777
 777
 777
 776
 776
 775
 774
 772
 771
 770
 770
 769
 769
 766
 765
 763
 763
 762
 762
 762
 761
 761
 761
 759
 757
 757
 757
 755
 754
 753
 753
 752
 751
 750
 748
 747
 746
 746
 745
 745
 742
 742
 741
 741
 741
 741
 740
 740
 739
 737
 736
 735
 735
 732
 730
 726
 726
 726
 723
 721
 720
 720
 719
 716
 715
 714
 714
 713
 713
 713
 712
 712
 712
 711
 711
 711
 710
 708
 708
 708
 707
 707
 705
 704
 704
 702
 701
 698
 698
 694
 691
 691
 690
 690
 688
 688
 687
 687
 686
 681
 680
 678
 678
 677
 676
 674
 673
 673
 672
 671
 671
 668
 668
 668
 667
 666
 665
 664
 664
 664
 663
 663
 663
 660
 659
 658
 657
 656
 655
 651
 651
 650
 648
 648
 645
 644
 643
 642
 641
 640
 636
 634
 632
 631
 630
 628
 628
 625
 624
 623
 622
 621
 621
 620
 619
 618
 618
 615
 614
 613
 613
 611
 608
 606
 604
 603
 603
 600
 600
 599
 599
 597
 596
 594
 593
 592
 590
 590
 590
 589
 588
 588
 587
 586
 586
 585
 585
 584
 583
 582
 581
 580
 579
 579
 577
 577
 577
 575
 575
 573
 572
 570
 569
 569
 569
 566
 566
 566
 565
 565
 563
 563
 562
 562
 562
 561
 559
 555
 554
 554
 554
 553
 552
 552
 550
 550
 549
 549
 548
 545
 544
 544
 543
 539
 539
 537
 533
 533
 532
 531
 531
 531
 530
 528
 528
 527
 524
 522
 521
 521
 521
 520
 520
 518
 517
 517
 516
 515
 514
 513
 513
 510
 509
 508
 508
 508
 504
 504
 503
 503
 502
 501
 498
 497
 494
 494
 491
 489
 488
 488
 486
 486
 485
 484
 484
 482
 481
 481
 480
 480
 479
 477
 475
 474
 474
 472
 471
 470
 470
 469
 469
 467
 466
 466
 463
 463
 462
 462
 460
 460
 460
 459
 457
 457
 455
 455
 455
 455
 454
 453
 451
 451
 451
 450
 450
 449
 448
 448
 448
 446
 442
 436
 434
 433
 432
 431
 431
 430
 428
 427
 426
 426
 426
 425
 425
 424
 423
 420
 420
 417
 416
 416
 413
 411
 411
 410
 409
 407
 407
 405
 405
 404
 404
 404
 404
 402
 402
 400
 399
 397
 396
 394
 393
 393
 390
 388
 387
 387
 387
 386
 385
 383
 382
 382
 381
 381
 381
 380
 379
 378
 377
 375
 374
 373
 373
 372
 372
 371
 370
 368
 368
 368
 367
 367
 366
 366
 365
 363
 363
 363
 362
 361
 360
 360
 359
 358
 357
 356
 352
 352
 352
 350
 349
 348
 347
 346
 343
 343
 343
 341
 339
 339
 338
 338
 337
 337
 334
 333
 333
 332
 332
 332
 331
 329
 329
 326
 326
 325
 323
 321
 320
 319
 317
 316
 314
 314
 311
 311
 311
 308
 306
 305
 305
 304
 304
 303
 302
 300
 300
 300
 299
 299
 299
 297
 296
 295
 294
 293
 293
 291
 289
 288
 284
 283
 283
 281
 281
 279
 277
 276
 276
 273
 271
 270
 269
 268
 266
 265
 265
 265
 264
 263
 263
 263
 261
 260
 260
 259
 257
 257
 257
 257
 256
 255
 252
 252
 250
 249
 248
 246
 243
 243
 242
 240
 237
 236
 235
 235
 235
 235
 233
 233
 233
 232
 227
 227
 225
 224
 223
 222
 219
 218
 217
 216
 216
 215
 212
 210
 210
 207
 207
 206
 205
 204
 201
 200
 199
 197
 197
 196
 195
 195
 194
 192
 190
 190
 188
 187
 184
 184
 183
 183
 182
 182
 180
 178
 176
 176
 175
 175
 174
 174
 172
 172
 171
 170
 168
 163
 161
 161
 161
 160
 160
 158
 157
 157
 155
 152
 151
 151
 150
 149
 147
 145
 144
 141
 139
 138
 137
 136
 136
 130
 129
 127
 126
 125
 124
 123
 121
 121
 120
 115
 114
 114
 113
 113
 113
 112
 112
 110
 109
 107
 107
 104
 102
 101
 100
 100
 100
  98
  98
  96
  96
  96
  94
  93
  91
  91
  90
  89
  89
  88
  87
  86
  85
  84
  76
  76
  76
  75
  75
  74
  73
  71
  70
  70
  69
  68
  67
  66
  66
  65
  63
  63
  62
  62
  62
  60
  57
  57
  56
  55
  51
  49
  49
  48
  46
  46
  45
  44
  43
  42
  41
  40
  37
  35
  34
  32
  31
  31
  30
  30
  30
  28
  26
  24
  23
  21
  19
  19
  17
  16
  13
  13
  12
  12
  12
  10
   9
   5
   3
   2
   2
   1
   0
   0
   0
