   0
   0
   0
   1
   2
   2
   3
   5
   9
  10
  12
  12
  12
  13
  13
  16
  17
  19
  19
  21
  23
  24
  26
  28
  30
  30
  30
  31
  31
  32
  34
  35
  37
  40
  41
  42
  43
  44
  45
  46
  46
  48
  49
  49
  51
  55
  56
  57
  57
  60
  62
  62
  62
  63
  63
  65
  66
  66
  67
  68
  69
  70
  70
  71
  73
  74
  75
  75
  76
  76
  76
  84
  85
  86
  87
  88
  89
  89
  90
  91
  91
  93
  94
  96
  96
  96
  98
  98
 100
 100
 100
 101
 102
 104
 107
 107
 109
 110
 112
 112
 113
 113
 113
 114
 114
 115
 120
 121
 121
 123
 124
 125
 126
 127
 129
 130
 136
 136
 137
 138
 139
 141
 144
 145
 147
 149
 150
 151
 151
 152
 155
 157
 157
 158
 160
 160
 161
 161
 161
 163
 168
 170
 171
 172
 172
 174
 174
 175
 175
 176
 176
 178
 180
 182
 182
 183
 183
 184
 184
 187
 188
 190
 190
 192
 194
 195
 195
 196
 197
 197
 199
 200
 201
 204
 205
 206
 207
 207
 210
 210
 212
 215
 216
 216
 217
 218
 219
 222
 223
 224
 225
 227
 227
 232
 233
 233
 233
 235
 235
 235
 235
 236
 237
 240
 242
 243
 243
 246
 248
 249
 250
 252
 252
 255
 256
 257
 257
 257
 257
 259
 260
 260
 261
 263
 263
 263
 264
 265
 265
 265
 266
 268
 269
 270
 271
 273
 276
 276
 277
 279
 281
 281
 283
 283
 284
 288
 289
 291
 293
 293
 294
 295
 296
 297
 299
 299
 299
 300
 300
 300
 302
 303
 304
 304
 305
 305
 306
 308
 311
 311
 311
 314
 314
 316
 317
 319
 320
 321
 323
 325
 326
 326
 329
 329
 331
 332
 332
 332
 333
 333
 334
 337
 337
 338
 338
 339
 339
 341
 343
 343
 343
 346
 347
 348
 349
 350
 352
 352
 352
 356
 357
 358
 359
 360
 360
 361
 362
 363
 363
 363
 365
 366
 366
 367
 367
 368
 368
 368
 370
 371
 372
 372
 373
 373
 374
 375
 377
 378
 379
 380
 381
 381
 381
 382
 382
 383
 385
 386
 387
 387
 387
 388
 390
 393
 393
 394
 396
 397
 399
 400
 402
 402
 404
 404
 404
 404
 405
 405
 407
 407
 409
 410
 411
 411
 413
 416
 416
 417
 420
 420
 423
 424
 425
 425
 426
 426
 426
 427
 428
 430
 431
 431
 432
 433
 434
 436
 442
 446
 448
 448
 448
 449
 450
 450
 451
 451
 451
 453
 454
 455
 455
 455
 455
 457
 457
 459
 460
 460
 460
 462
 462
 463
 463
 466
 466
 467
 469
 469
 470
 470
 471
 472
 474
 474
 475
 477
 479
 480
 480
 481
 481
 482
 484
 484
 485
 486
 486
 488
 488
 489
 491
 494
 494
 497
 498
 501
 502
 503
 503
 504
 504
 508
 508
 508
 509
 510
 513
 513
 514
 515
 516
 517
 517
 518
 520
 520
 521
 521
 521
 522
 524
 527
 528
 528
 530
 531
 531
 531
 532
 533
 533
 537
 539
 539
 543
 544
 544
 545
 548
 549
 549
 550
 550
 552
 552
 553
 554
 554
 554
 555
 559
 561
 562
 562
 562
 563
 563
 565
 565
 566
 566
 566
 569
 569
 569
 570
 572
 573
 575
 575
 577
 577
 577
 579
 579
 580
 581
 582
 583
 584
 585
 585
 586
 586
 587
 588
 588
 589
 590
 590
 590
 592
 593
 594
 596
 597
 599
 599
 600
 600
 603
 603
 604
 606
 608
 611
 613
 613
 614
 615
 618
 618
 619
 620
 621
 621
 622
 623
 624
 625
 628
 628
 630
 631
 632
 634
 636
 640
 641
 642
 643
 644
 645
 648
 648
 650
 651
 651
 655
 656
 657
 658
 659
 660
 663
 663
 663
 664
 664
 664
 665
 666
 667
 668
 668
 668
 671
 671
 672
 673
 673
 674
 676
 677
 678
 678
 680
 681
 686
 687
 687
 688
 688
 690
 690
 691
 691
 694
 698
 698
 701
 702
 704
 704
 705
 707
 707
 708
 708
 708
 710
 711
 711
 711
 712
 712
 712
 713
 713
 713
 714
 714
 715
 716
 719
 720
 720
 721
 723
 726
 726
 726
 730
 732
 735
 735
 736
 737
 739
 740
 740
 741
 741
 741
 741
 742
 742
 745
 745
 746
 746
 747
 748
 750
 751
 752
 753
 753
 754
 755
 757
 757
 757
 759
 761
 761
 761
 762
 762
 762
 763
 763
 765
 766
 769
 769
 770
 770
 771
 772
 774
 775
 776
 776
 777
 777
 777
 782
 782
 784
 785
 785
 785
 786
 786
 787
 787
 789
 791
 791
 792
 794
 796
 797
 797
 798
 798
 799
 799
 800
 800
 803
 803
 806
 806
 807
 807
 808
 808
 810
 815
 817
 817
 818
 819
 820
 820
 822
 822
 823
 824
 824
 824
 826
 827
 827
 828
 830
 830
 833
 834
 834
 836
 836
 836
 836
 838
 839
 839
 841
 842
 844
 845
 845
 847
 847
 848
 848
 848
 848
 849
 851
 853
 853
 855
 855
 856
 858
 859
 860
 861
 864
 865
 866
 870
 872
 873
 874
 877
 877
 877
 879
 880
 881
 882
 882
 882
 883
 883
 884
 885
 885
 886
 886
 888
 889
 890
 891
 891
 893
 895
 896
 896
 897
 900
 903
 903
 905
 906
 907
 908
 908
 910
 910
 911
 912
 912
 914
 916
 917
 917
 917
 918
 918
 918
 919
 923
 923
 925
 925
 926
 926
 926
 928
 931
 932
 934
 935
 935
 936
 936
 937
 938
 938
 939
 939
 939
 940
 943
 944
 945
 947
 948
 949
 950
 952
 953
 954
 955
 959
 959
 962
 963
 964
 965
 965
 965
 967
 968
 969
 970
 970
 971
 971
 972
 972
 974
 975
 976
 976
 977
 977
 977
 980
 980
 980
 981
 982
 982
 982
 984
 984
 987
 988
 989
 990
 990
 990
 991
 991
 992
 994
 995
 996
 996
 996
 998
1000
1000
1004
1005
1007
1009
1010
1011
1012
1014
1014
1016
1016
1017
1025
1026
1026
1027
1027
1028
1029
1029
1031
1034
1034
1034
1035
1036
1036
1037
1038
1039
1039
1040
1041
1042
1043
1044
1044
1045
1046
1047
1047
1049
1049
1051
1051
1052
1054
1055
1058
1058
1059
1060
1060
1064
1065
1066
1066
1067
1068
1068
1071
1073
1074
1074
1078
1078
1078
1078
1078
1079
1079
1079
1081
1082
1082
1083
1085
1086
1086
1089
1090
1090
1091
1098
1101
1101
1101
1102
1102
1103
1103
1104
1105
1105
1105
1106
1106
1109
1109
1110
1110
1112
1113
1114
1117
1117
1118
1119
1120
1120
1122
1124
1124
1124
1124
1127
1127
1128
1129
1137
1138
1143
1144
1144
1144
1147
1148
1148
1149
1150
1150
1150
1150
1150
1152
1157
1157
1157
1158
1159
1161
1164
1164
1165
1168
1168
1170
1171
1171
1174
1175
1177
1179
1179
1180
1180
1181
1182
1183
1183
1184
1185
1185
1186
1190
1191
1193
1194
1194
1196
1196
1198
1199
1199
1199
1201
1203
1205
1206
1208
1212
1214
1214
1215
1215
1215
1217
1218
1221
1221
1223
1224
1224
1226
1227
1228
1231
1233
1233
1233
1234
1235
1235
1237
1239
1240
1242
1243
1244
1246
1246
1246
1247
1248
1249
1250
1251
1251
1251
1254
1255
1255
1257
1257
1258
1258
1259
1263
1267
1268
1268
1269
1272
1273
1273
1273
1274
1274
1275
1278
1279
1279
1279
1280
1281
1281
1281
1284
1285
1288
1288
1289
1294
1295
1295
1296
1297
1297
1299
1299
1299
1302
1302
1303
1303
1304
1306
1309
1310
1312
1313
1314
1314
1314
1315
1316
1317
1319
1321
1322
1323
1326
1327
1327
1327
1328
1328
1328
1330
1333
1333
1334
1335
1336
1338
1339
1341
1341
1341
1343
1345
1346
1346
1346
1346
1347
1347
1347
1348
1348
1348
1349
1351
1352
1352
1353
1353
1353
1353
1354
1357
1358
1359
1359
1359
1362
1362
1362
1364
1367
1367
1368
1368
1368
1371
1376
1376
1377
1378
1379
1379
1384
1384
1394
1395
1396
1396
1397
1398
1398
1398
1400
1400
1402
1402
1402
1402
1403
1404
1405
1407
1408
1408
1410
1410
1411
1411
1411
1412
1413
1414
1415
1419
1419
1419
1422
1422
1422
1422
1423
1425
1426
1426
1427
1428
1431
1433
1433
1434
1434
1434
1434
1435
1437
1438
1438
1438
1439
1441
1442
1442
1443
1443
1443
1443
1444
1445
1445
1449
1449
1449
1450
1450
1452
1453
1453
1456
1461
1461
1461
1463
1466
1469
1470
1474
1475
1475
1476
1477
1477
1478
1478
1479
1481
1483
1484
1484
1484
1485
1486
1486
1487
1487
1488
1488
1490
1490
1491
1492
1492
1492
1492
1493
1494
1496
1498
1498
1498
1500
1500
1500
1501
1503
1504
1504
1505
1505
1507
1507
1508
1510
1510
1511
1514
1517
1517
1518
1521
1523
1525
1527
1528
1528
1528
1529
1532
1535
1537
1540
1541
1541
1543
1543
1543
1544
1546
1547
1548
1549
1551
1553
1554
1555
1556
1558
1559
1559
1560
1560
1561
1561
1561
1563
1563
1563
1565
1566
1566
1567
1568
1568
1569
1570
1570
1570
1571
1571
1572
1573
1573
1574
1575
1577
1578
1578
1578
1579
1579
1580
1582
1582
1582
1583
1585
1588
1588
1588
1593
1595
1595
1598
1598
1599
1600
1601
1602
1603
1604
1604
1606
1607
1607
1613
1613
1613
1614
1616
1617
1617
1617
1618
1619
1621
1621
1622
1623
1623
1624
1625
1626
1626
1627
1627
1633
1634
1635
1637
1638
1638
1639
1639
1639
1640
1641
1641
1641
1642
1644
1644
1645
1648
1649
1649
1651
1659
1663
1664
1665
1665
1666
1667
1667
1668
1668
1669
1670
1671
1672
1674
1674
1674
1674
1677
1677
1678
1678
1680
1681
1682
1684
1685
1685
1685
1685
1686
1688
1692
1693
1698
1699
1701
1701
1701
1701
1703
1703
1706
1706
1707
1708
1709
1710
1710
1711
1714
1714
1715
1717
1717
1718
1718
1719
1721
1722
1727
1728
1728
1728
1730
1730
1733
1734
1735
1735
1736
1737
1737
1738
1738
1739
1740
1740
1741
1742
1742
1742
1743
1745
1745
1746
1747
1748
1749
1750
1750
1754
1754
1755
1757
1759
1760
1760
1760
1761
1762
1762
1762
1765
1766
1766
1768
1768
1768
1769
1769
1770
1772
1773
1775
1775
1777
1778
1780
1785
1787
1788
1788
1789
1792
1793
1793
1794
1794
1794
1798
1799
1801
1802
1803
1808
1809
1809
1809
1810
1811
1812
1812
1816
1817
1818
1819
1819
1819
1820
1820
1821
1822
1823
1826
1826
1826
1827
1829
1831
1834
1837
1837
1837
1838
1840
1841
1841
1841
1842
1844
1845
1846
1847
1848
1848
1848
1849
1850
1852
1853
1856
1856
1857
1858
1858
1858
1860
1861
1865
1865
1868
1868
1870
1871
1872
1879
1881
1881
1881
1883
1884
1885
1885
1886
1888
1890
1893
1894
1897
1898
1899
1899
1899
1900
1901
1901
1902
1902
1902
1903
1903
1905
1905
1907
1907
1909
1910
1912
1914
1916
1916
1917
1918
1919
1920
1920
1928
1928
1929
1929
1930
1933
1933
1934
1935
1936
1937
1939
1939
1942
1943
1943
1945
1947
1949
1950
1951
1951
1953
1955
1955
1956
1958
1960
1960
1963
1963
1964
1967
1968
1968
1970
1972
1972
1975
1976
1976
1977
1978
1982
1982
1982
1983
1984
1985
1986
1986
1986
1987
1988
1988
1991
1992
1993
1995
1997
1999
2001
2002
2002
2005
2006
2008
2009
2009
2010
2010
2010
2012
2012
2012
2014
2015
2017
2018
2019
2019
2020
2021
2022
2024
2024
2025
2026
2026
2026
2027
2029
2033
2034
2034
2034
2035
2035
2036
2038
2040
2040
2041
2043
2043
2043
2043
2045
2048
2051
2054
2054
2059
2060
2061
2061
2061
2061
2062
2063
2063
2065
2068
2070
2070
2071
2072
2074
2077
2079
2079
2080
2083
2083
2084
2084
2087
2087
2087
2088
2088
2089
2089
2090
2091
2093
2094
2096
2096
2098
2099
2099
2105
2107
2107
2108
2110
2111
2112
2112
2112
2114
2117
2118
2120
2122
2122
2122
2122
2124
2125
2128
2128
2129
2129
2130
2130
2131
2131
2131
2133
2135
2135
2135
2136
2136
2136
2137
2137
2139
2140
2140
2144
2145
2147
2150
2151
2151
2151
2152
2153
2154
2154
2155
2155
2157
2157
2157
2160
2161
2162
2163
2163
2163
2168
2168
2169
2170
2171
2173
2174
2174
2174
2175
2176
2178
2178
2179
2179
2180
2180
2180
2180
2183
2183
2185
2186
2186
2187
2190
2190
2197
2198
2199
2199
2200
2200
2200
2202
2203
2203
2204
2206
2208
2209
2210
2210
2211
2213
2214
2214
2217
2217
2217
2218
2219
2221
2222
2223
2224
2225
2225
2226
2229
2229
2230
2232
2233
2239
2240
2240
2241
2241
2243
2243
2245
2245
2248
2248
2249
2249
2250
2252
2253
2258
2259
2260
2260
2261
2261
2261
2262
2262
2263
2268
2271
2272
2272
2273
2273
2274
2274
2275
2275
2278
2279
2279
2279
2281
2282
2283
2285
2285
2285
2286
2288
2289
2291
2293
2294
2294
2295
2295
2296
2297
2297
2299
2300
2300
2301
2302
2306
2306
2307
2307
2310
2312
2313
2313
2314
2317
2317
2317
2317
2323
2323
2324
2325
2329
2330
2330
2332
2333
2337
2337
2337
2338
2343
2346
2346
2348
2348
2348
2349
2349
2353
2353
2353
2354
2355
2355
2355
2356
2363
2365
2365
2365
2366
2367
2368
2368
2368
2369
2370
2370
2371
2371
2373
2374
2377
2377
2379
2381
2383
2385
2385
2388
2389
2389
2389
2390
2390
2390
2390
2391
2391
2391
2391
2392
2393
2395
2395
2396
2397
2399
2400
2401
2402
2402
2403
2403
2404
2404
2405
2407
2409
2410
2411
2414
2414
2415
2415
2416
2416
2417
2417
2418
2418
2419
2423
2423
2424
2426
2430
2431
2431
2431
2432
2432
2437
2438
2438
2438
2439
2440
2441
2441
2444
2444
2444
2445
2447
2448
2449
2451
2451
2451
2453
2454
2456
2456
2456
2462
2464
2464
2464
2465
2465
2465
2466
2466
2466
2468
2468
2469
2469
2469
2469
2469
2470
2471
2471
2474
2474
2475
2477
2478
2478
2480
2480
2480
2481
2483
2484
2485
2489
2490
2490
2491
2492
2495
2496
2497
2497
2498
2499
2499
2502
2502
2504
2506
2507
2508
2509
2510
2510
2512
2512
2513
2513
2514
2515
2516
2518
2519
2520
2520
2521
2521
2521
2522
2523
2525
2525
2525
2525
2527
2529
2529
2530
2535
2536
2536
2538
2538
2539
2542
2542
2544
2545
2546
2546
2547
2549
2549
2550
2550
2551
2555
2555
2556
2557
2557
2559
2560
2560
2561
2561
2563
2563
2564
2564
2565
2566
2567
2571
2572
2572
2572
2573
2573
2573
2574
2575
2575
2577
2578
2579
2580
2581
2581
2582
2583
2584
2585
2585
2586
2588
2591
2593
2593
2594
2595
2596
2597
2597
2598
2599
2601
2605
2608
2612
2612
2613
2613
2614
2616
2618
2618
2619
2620
2621
2621
2623
2627
2627
2629
2631
2632
2633
2634
2635
2635
2635
2637
2638
2640
2643
2645
2646
2646
2648
2649
2652
2654
2656
2657
2657
2658
2658
2658
2659
2660
2660
2661
2661
2661
2662
2663
2664
2664
2665
2671
2671
2673
2679
2680
2682
2682
2683
2684
2684
2684
2685
2686
2686
2689
2693
2694
2695
2695
2695
2696
2697
2697
2699
2699
2700
2702
2703
2704
2704
2706
2707
2707
2708
2709
2709
2710
2710
2712
2713
2715
2717
2719
2720
2722
2724
2724
2725
2727
2729
2731
2731
2731
2732
2733
2734
2734
2736
2737
2739
2742
2742
2743
2744
2745
2746
2747
2748
2748
2752
2755
2756
2760
2761
2763
2765
2766
2766
2767
2768
2768
2768
2769
2772
2773
2773
2774
2774
2775
2775
2776
2776
2779
2780
2780
2781
2785
2787
2789
2790
2790
2790
2792
2792
2792
2795
2796
2796
2797
2798
2798
2798
2799
2801
2802
2802
2804
2806
2807
2809
2810
2811
2813
2814
2815
2816
2816
2817
2818
2819
2820
2820
2820
2821
2822
2822
2823
2823
2826
2829
2830
2834
2834
2836
2837
2838
2838
2839
2839
2839
2840
2841
2841
2841
2845
2847
2848
2848
2849
2850
2850
2853
2857
2858
2859
2863
2863
2864
2866
2870
2873
2873
2873
2874
2874
2875
2876
2878
2883
2886
2886
2888
2889
2889
2890
2890
2891
2891
2893
2895
2896
2899
2899
2900
2901
2901
2902
2903
2903
2905
2905
2906
2907
2908
2911
2917
2918
2919
2919
2919
2919
2922
2923
2925
2928
2928
2930
2931
2931
2932
2934
2935
2935
2935
2936
2936
2936
2937
2938
2938
2938
2938
2939
2939
2943
2943
2944
2947
2948
2948
2949
2950
2951
2952
2952
2953
2953
2953
2955
2958
2958
2959
2959
2960
2962
2963
2963
2963
2964
2965
2968
2969
2973
2975
2980
2980
2980
2982
2983
2983
2984
2984
2985
2985
2986
2986
2987
2987
2988
2988
2990
2993
2997
2997
2997
2999
2999
3000
3000
3001
3001
3002
3003
3005
3006
3008
3009
3011
3012
3014
3015
3016
3018
3019
3019
3020
3021
3021
3022
3025
3026
3026
3027
3027
3027
3028
3029
3029
3030
3030
3032
3033
3033
3037
3037
3037
3038
3038
3038
3040
3040
3041
3042
3042
3044
3044
3045
3046
3046
3046
3046
3047
3047
3048
3048
3048
3049
3051
3052
3052
3053
3053
3053
3054
3054
3056
3056
3058
3061
3061
3062
3062
3062
3063
3064
3067
3067
3067
3068
3069
3069
3069
3071
3072
3075
3075
3080
3081
3081
3081
3082
3083
3085
3085
3086
3087
3088
3088
3089
3092
3093
3096
3096
3096
3099
3100
3102
3104
3105
3106
3107
3108
3108
3109
3109
3110
3111
3113
3116
3119
3120
3122
3122
3122
3123
3123
3125
3129
3131
3132
3132
3133
3133
3135
3135
3136
3140
3141
3143
3143
3145
3148
3148
3150
3150
3151
3151
3153
3155
3157
3158
3160
3161
3162
3162
3162
3163
3168
3169
3170
3173
3174
3174
3174
3177
3178
3179
3180
3180
3180
3181
3182
3183
3188
3191
3194
3195
3197
3197
3198
3200
3203
3204
3205
3206
3208
3208
3209
3212
3212
3220
3220
3221
3224
3225
3225
3230
3230
3235
3235
3235
3237
3238
3238
3239
3240
3241
3242
3243
3245
3245
3249
3251
3251
3253
3255
3256
3256
3256
3257
3258
3259
3259
3261
3263
3263
3264
3267
3269
3269
3269
3272
3272
3273
3274
3275
3276
3277
3278
3278
3279
3279
3280
3282
3283
3283
3285
3285
3287
3288
3288
3288
3288
3288
3290
3292
3292
3294
3296
3296
3298
3298
3299
3299
3300
3303
3304
3305
3306
3306
3307
3308
3308
3310
3310
3311
3312
3316
3316
3316
3319
3323
3323
3323
3324
3324
3326
3327
3328
3329
3330
3331
3332
3334
3335
3336
3336
3338
3339
3339
3340
3342
3343
3345
3348
3350
3350
3350
3351
3352
3353
3353
3353
3356
3356
3357
3358
3362
3365
3371
3373
3373
3375
3376
3376
3377
3377
3378
3378
3378
3380
3380
3381
3381
3382
3382
3382
3383
3383
3383
3384
3384
3384
3385
3386
3386
3387
3388
3389
3392
3392
3395
3397
3397
3398
3399
3400
3400
3401
3402
3403
3407
3408
3411
3412
3414
3415
3416
3416
3417
3420
3420
3421
3421
3421
3422
3422
3422
3425
3425
3427
3429
3429
3430
3430
3430
3430
3432
3432
3433
3434
3434
3435
3437
3439
3439
3441
3441
3442
3442
3446
3446
3447
3447
3447
3448
3448
3449
3450
3450
3450
3451
3454
3456
3456
3456
3458
3459
3459
3462
3462
3463
3464
3466
3470
3471
3472
3473
3473
3475
3475
3476
3478
3479
3480
3480
3481
3482
3484
3486
3487
3488
3491
3494
3495
3496
3496
3497
3497
3498
3498
3499
3500
3501
3502
3503
3506
3508
3508
3508
3509
3509
3517
3518
3518
3518
3519
3520
3522
3522
3524
3524
3526
3527
3528
3528
3528
3529
3531
3532
3533
3534
3536
3536
3537
3538
3541
3542
3542
3544
3545
3545
3545
3546
3546
3547
3547
3548
3548
3549
3551
3552
3554
3555
3555
3555
3555
3555
3556
3561
3561
3562
3562
3563
3564
3565
3566
3566
3568
3568
3568
3568
3569
3570
3571
3573
3574
3575
3575
3575
3576
3577
3578
3579
3579
3580
3581
3582
3582
3582
3583
3584
3585
3587
3587
3588
3590
3590
3591
3592
3593
3595
3596
3597
3597
3598
3599
3602
3602
3603
3605
3607
3611
3611
3612
3613
3613
3614
3615
3615
3615
3615
3615
3616
3616
3618
3621
3621
3623
3624
3624
3624
3624
3626
3626
3626
3626
3626
3627
3627
3628
3629
3630
3630
3632
3634
3635
3637
3639
3641
3641
3643
3644
3644
3644
3645
3646
3648
3650
3651
3652
3653
3653
3656
3656
3656
3657
3658
3659
3659
3659
3660
3662
3662
3663
3664
3665
3666
3666
3667
3667
3668
3669
3669
3669
3671
3672
3672
3672
3673
3675
3677
3678
3678
3679
3679
3679
3679
3682
3682
3683
3689
3690
3691
3691
3693
3694
3696
3696
3697
3699
3700
3700
3702
3703
3704
3704
3705
3707
3707
3708
3708
3710
3710
3711
3711
3712
3713
3714
3716
3717
3717
3718
3720
3721
3722
3724
3727
3727
3727
3727
3727
3728
3728
3728
3731
3735
3735
3735
3736
3738
3739
3741
3742
3743
3746
3747
3748
3748
3748
3750
3750
3752
3753
3753
3755
3756
3756
3757
3757
3761
3761
3762
3762
3762
3763
3763
3765
3766
3768
3768
3770
3771
3774
3774
3775
3776
3776
3776
3778
3778
3779
3779
3781
3782
3783
3783
3785
3786
3787
3787
3787
3788
3789
3791
3792
3792
3793
3793
3794
3794
3794
3795
3796
3796
3797
3798
3798
3798
3801
3802
3804
3805
3805
3805
3805
3806
3808
3808
3810
3810
3810
3811
3813
3814
3815
3815
3816
3816
3816
3819
3822
3825
3827
3833
3836
3836
3837
3841
3841
3843
3845
3846
3848
3848
3848
3849
3849
3849
3850
3851
3853
3856
3857
3858
3858
3859
3865
3866
3868
3869
3871
3871
3872
3873
3877
3877
3878
3878
3879
3880
3881
3883
3883
3884
3887
3890
3895
3895
3896
3898
3898
3899
3899
3899
3900
3902
3903
3904
3905
3905
3905
3906
3906
3907
3908
3909
3909
3910
3911
3913
3917
3917
3918
3919
3919
3919
3923
3923
3923
3924
3924
3924
3926
3928
3928
3928
3930
3930
3930
3931
3932
3933
3935
3935
3936
3936
3939
3939
3940
3941
3945
3946
3946
3946
3948
3948
3950
3951
3951
3952
3952
3953
3955
3955
3959
3959
3961
3961
3963
3963
3963
3964
3968
3969
3972
3972
3975
3979
3980
3980
3981
3982
3984
3985
3985
3987
3987
3988
3988
3990
3990
3993
3994
3994
3995
3996
4000
4000
4002
4003
4003
4004
4004
4007
4010
4011
4012
4012
4012
4013
4013
4015
4017
4019
4023
4025
4025
4027
4028
4028
4030
4031
4033
4034
4035
4036
4037
4039
4043
4044
4044
4046
4046
4048
4049
4049
4049
4050
4051
4051
4051
4052
4052
4053
4053
4054
4055
4056
4058
4058
4058
4059
4059
4060
4061
4062
4065
4065
4066
4067
4068
4070
4070
4073
4073
4076
4076
4077
4079
4080
4081
4081
4082
4083
4084
4085
4087
4087
4089
4090
4093
4095
4096
4096
4098
4099
4099
4099
4100
4101
4102
4103
4106
4108
4110
4112
4113
4115
4115
4116
4116
4117
4117
4119
4120
4121
4123
4123
4123
4126
4127
4127
4127
4130
4131
4132
4133
4134
4138
4141
4142
4142
4142
4145
4145
4145
4147
4147
4148
4148
4148
4149
4149
4150
4151
4152
4153
4154
4154
4154
4155
4155
4156
4158
4159
4160
4160
4164
4164
4165
4165
4166
4166
4167
4169
4173
4173
4173
4174
4177
4180
4181
4181
4184
4185
4187
4188
4190
4191
4191
4191
4192
4196
4196
4196
4199
4200
4200
4200
4201
4201
4203
4203
4204
4205
4206
4207
4209
4209
4209
4209
4212
4212
4212
4213
4213
4213
4214
4215
4216
4218
4219
4221
4222
4222
4223
4224
4228
4229
4229
4230
4231
4231
4231
4232
4233
4234
4235
4235
4235
4236
4239
4240
4241
4243
4243
4243
4243
4245
4245
4246
4247
4249
4249
4251
4255
4255
4256
4258
4258
4259
4259
4259
4260
4260
4262
4264
4266
4266
4267
4269
4269
4269
4270
4271
4272
4272
4273
4274
4275
4275
4276
4279
4279
4281
4281
4281
4283
4283
4285
4285
4286
4286
4288
4289
4291
4291
4291
4292
4292
4295
4298
4299
4299
4301
4302
4304
4304
4305
4305
4306
4306
4310
4311
4314
4315
4317
4321
4321
4321
4322
4324
4325
4325
4327
4327
4328
4328
4330
4331
4331
4332
4334
4335
4336
4337
4337
4338
4338
4339
4340
4342
4342
4342
4343
4344
4345
4345
4347
4347
4347
4348
4348
4349
4352
4352
4353
4356
4356
4358
4358
4360
4361
4362
4363
4363
4364
4368
4368
4369
4370
4370
4371
4372
4372
4375
4375
4375
4376
4376
4376
4376
4379
4380
4382
4382
4383
4383
4383
4383
4384
4384
4384
4384
4386
4386
4386
4388
4389
4390
4391
4392
4393
4394
4394
4395
4395
4395
4395
4396
4396
4397
4398
4398
4399
4401
4402
4403
4403
4403
4405
4406
4407
4409
4409
4409
4410
4410
4411
4411
4413
4413
4413
4414
4415
4415
4416
4416
4417
4418
4418
4418
4419
4419
4420
4421
4421
4423
4425
4425
4425
4425
4426
4431
4436
4436
4437
4437
4438
4441
4442
4445
4445
4447
4449
4450
4450
4452
4453
4453
4454
4455
4457
4458
4459
4460
4461
4461
4461
4462
4463
4466
4467
4468
4468
4468
4468
4469
4469
4470
4472
4473
4474
4474
4477
4477
4478
4479
4480
4483
4483
4484
4485
4488
4488
4490
4494
4495
4496
4497
4497
4498
4498
4498
4499
4499
4501
4501
4501
4503
4505
4506
4506
4506
4507
4508
4509
4513
4513
4516
4516
4517
4518
4519
4521
4521
4522
4522
4522
4523
4524
4525
4526
4528
4529
4529
4530
4531
4531
4532
4535
4535
4535
4536
4536
4537
4537
4537
4541
4542
4543
4543
4544
4547
4547
4547
4548
4550
4551
4551
4553
4556
4556
4557
4559
4562
4562
4563
4565
4565
4565
4567
4568
4568
4569
4570
4570
4571
4571
4573
4573
4576
4576
4576
4577
4577
4578
4578
4579
4580
4580
4581
4582
4583
4585
4585
4586
4588
4590
4591
4591
4591
4591
4593
4593
4593
4594
4596
4600
4601
4602
4603
4605
4607
4608
4608
4608
4608
4609
4611
4614
4615
4616
4617
4617
4622
4622
4623
4623
4623
4623
4627
4629
4629
4630
4632
4632
4632
4633
4634
4635
4635
4636
4637
4637
4637
4638
4638
4640
4640
4641
4641
4641
4642
4642
4642
4643
4643
4643
4644
4650
4652
4653
4654
4655
4655
4655
4657
4657
4658
4661
4663
4663
4664
4667
4668
4668
4669
4670
4670
4673
4674
4674
4675
4675
4676
4677
4677
4678
4678
4679
4680
4680
4682
4683
4684
4685
4685
4689
4693
4693
4693
4693
4693
4694
4695
4695
4695
4696
4697
4697
4697
4698
4698
4699
4700
4701
4701
4702
4702
4703
4703
4703
4705
4708
4710
4711
4711
4713
4714
4715
4716
4718
4719
4721
4722
4722
4722
4724
4724
4724
4725
4726
4727
4727
4727
4728
4728
4728
4729
4734
4734
4735
4736
4737
4738
4738
4739
4740
4741
4742
4743
4743
4747
4748
4749
4750
4750
4751
4751
4751
4755
4756
4757
4757
4757
4758
4759
4759
4759
4761
4761
4764
4765
4766
4767
4770
4770
4770
4770
4773
4773
4773
4773
4774
4774
4776
4777
4777
4778
4779
4779
4782
4784
4785
4785
4786
4787
4788
4789
4789
4790
4791
4792
4794
4794
4796
4797
4797
4798
4798
4798
4800
4801
4802
4803
4803
4803
4804
4804
4804
4806
4807
4807
4807
4808
4809
4809
4811
4813
4815
4815
4816
4817
4818
4819
4819
4821
4821
4822
4823
4825
4826
4828
4829
4830
4834
4834
4834
4842
4844
4846
4846
4846
4846
4847
4851
4852
4853
4853
4855
4855
4856
4856
4858
4858
4859
4859
4862
4864
4864
4866
4867
4867
4867
4867
4868
4872
4872
4876
4879
4881
4881
4882
4882
4883
4883
4883
4884
4884
4885
4885
4886
4887
4888
4889
4889
4889
4890
4890
4891
4891
4892
4892
4893
4897
4898
4899
4899
4904
4904
4904
4906
4907
4909
4911
4912
4913
4915
4916
4918
4918
4918
4919
4921
4922
4923
4924
4926
4926
4927
4929
4930
4932
4932
4932
4933
4933
4933
4935
4936
4936
4936
4939
4940
4941
4942
4942
4944
4944
4946
4947
4947
4948
4948
4950
4950
4956
4957
4960
4962
4962
4963
4964
4968
4969
4970
4971
4971
4971
4972
4973
4974
4974
4976
4977
4977
4977
4978
4981
4981
4981
4983
4984
4985
4986
4987
4987
4988
4990
4991
4993
4996
4997
4997
4998
5004
5005
5006
5006
5007
5007
5010
5013
5015
5016
5017
5017
5018
5020
5021
5022
5022
5025
5028
5030
5031
5031
5032
5032
5033
5033
5034
5038
5038
5039
5040
5041
5041
5049
5049
5051
5051
5051
5051
5052
5053
5054
5054
5056
5057
5057
5058
5060
5060
5061
5062
5062
5064
5064
5064
5066
5066
5067
5068
5070
5070
5071
5071
5073
5074
5074
5074
5076
5076
5076
5076
5079
5079
5080
5080
5080
5081
5081
5081
5085
5086
5086
5090
5091
5091
5092
5092
5094
5095
5096
5097
5097
5099
5099
5100
5101
5101
5102
5103
5104
5104
5105
5106
5107
5107
5112
5113
5114
5115
5116
5117
5118
5120
5121
5122
5122
5122
5122
5123
5125
5125
5125
5126
5126
5126
5127
5127
5127
5127
5127
5128
5129
5130
5132
5133
5134
5136
5136
5137
5137
5137
5142
5142
5143
5143
5143
5143
5144
5144
5144
5145
5147
5147
5149
5150
5151
5151
5154
5154
5155
5158
5158
5158
5159
5160
5160
5163
5163
5165
5165
5167
5167
5168
5170
5171
5172
5174
5174
5175
5177
5179
5179
5179
5184
5186
5187
5189
5190
5191
5192
5194
5194
5194
5195
5195
5196
5196
5198
5200
5201
5202
5202
5202
5204
5204
5205
5205
5205
5205
5205
5207
5208
5208
5209
5214
5214
5214
5214
5215
5217
5217
5218
5221
5222
5223
5223
5224
5226
5229
5230
5231
5233
5233
5234
5234
5234
5235
5236
5237
5238
5239
5242
5243
5243
5245
5245
5246
5248
5248
5248
5254
5257
5259
5260
5262
5262
5263
5266
5266
5267
5267
5267
5268
5269
5270
5272
5274
5275
5278
5279
5279
5280
5282
5283
5285
5285
5289
5289
5293
5295
5296
5296
5297
5300
5301
5302
5303
5306
5307
5309
5310
5310
5311
5311
5312
5312
5313
5313
5314
5314
5315
5315
5316
5317
5318
5321
5321
5322
5323
5325
5325
5325
5326
5329
5334
5335
5335
5337
5338
5338
5338
5338
5338
5342
5342
5342
5343
5349
5350
5350
5353
5354
5354
5355
5355
5355
5356
5356
5357
5357
5360
5361
5361
5362
5363
5364
5365
5368
5368
5369
5370
5371
5371
5371
5372
5372
5373
5373
5374
5375
5378
5378
5380
5381
5381
5382
5384
5384
5386
5388
5389
5390
5391
5391
5392
5393
5394
5394
5394
5396
5399
5401
5401
5403
5404
5404
5407
5407
5408
5409
5410
5410
5411
5413
5416
5416
5417
5418
5418
5420
5420
5420
5421
5421
5425
5426
5426
5427
5429
5429
5430
5430
5431
5431
5432
5433
5433
5434
5437
5437
5438
5438
5441
5441
5442
5445
5445
5450
5450
5450
5451
5452
5452
5453
5454
5454
5456
5456
5456
5456
5457
5458
5460
5460
5461
5461
5461
5462
5462
5463
5463
5464
5465
5467
5468
5470
5470
5472
5474
5474
5475
5475
5476
5476
5476
5477
5478
5479
5480
5481
5482
5482
5485
5485
5487
5488
5493
5494
5494
5495
5498
5499
5500
5500
5501
5502
5506
5507
5512
5515
5515
5517
5517
5517
5518
5519
5520
5520
5521
5522
5524
5524
5526
5526
5527
5528
5528
5529
5532
5534
5535
5536
5538
5539
5542
5542
5542
5545
5545
5546
5546
5547
5547
5548
5549
5550
5551
5551
5551
5551
5553
5554
5554
5556
5560
5560
5561
5561
5561
5561
5562
5563
5565
5567
5568
5568
5569
5569
5570
5570
5571
5573
5573
5575
5576
5576
5576
5578
5581
5582
5582
5587
5589
5589
5589
5590
5591
5594
5595
5596
5599
5600
5600
5600
5601
5602
5603
5603
5604
5605
5608
5608
5610
5612
5612
5613
5613
5614
5615
5616
5616
5619
5620
5623
5623
5623
5625
5625
5625
5626
5635
5635
5635
5637
5637
5637
5638
5638
5639
5640
5641
5642
5643
5645
5646
5646
5647
5648
5649
5649
5650
5650
5651
5652
5654
5654
5654
5656
5657
5657
5660
5662
5664
5665
5666
5667
5667
5667
5667
5670
5674
5674
5675
5675
5677
5677
5677
5678
5678
5683
5683
5684
5684
5685
5686
5686
5686
5687
5690
5690
5691
5691
5692
5694
5694
5695
5697
5697
5699
5699
5700
5701
5702
5703
5704
5704
5706
5706
5706
5709
5709
5710
5710
5710
5711
5713
5714
5714
5715
5716
5717
5717
5718
5719
5719
5719
5721
5721
5722
5724
5725
5725
5726
5729
5730
5734
5735
5736
5736
5737
5738
5739
5740
5740
5741
5742
5744
5744
5744
5746
5746
5746
5746
5747
5747
5748
5748
5748
5749
5752
5753
5753
5754
5754
5755
5755
5755
5755
5756
5757
5759
5760
5763
5763
5763
5764
5766
5766
5768
5769
5770
5770
5771
5771
5775
5776
5777
5777
5777
5779
5780
5783
5784
5784
5785
5785
5785
5786
5787
5788
5788
5789
5791
5794
5795
5795
5796
5796
5798
5798
5803
5803
5804
5804
5805
5805
5806
5807
5808
5810
5810
5810
5811
5811
5813
5813
5814
5814
5814
5814
5815
5815
5815
5816
5816
5817
5817
5818
5818
5818
5820
5821
5822
5822
5823
5824
5825
5825
5826
5826
5828
5829
5830
5830
5835
5835
5837
5838
5840
5843
5843
5844
5844
5846
5846
5846
5846
5847
5847
5847
5849
5850
5851
5851
5851
5851
5852
5853
5856
5857
5858
5858
5859
5860
5861
5861
5861
5862
5863
5863
5864
5865
5866
5866
5868
5868
5869
5870
5870
5872
5872
5873
5875
5877
5878
5878
5878
5878
5882
5883
5883
5885
5885
5885
5885
5887
5889
5890
5891
5892
5892
5893
5894
5895
5896
5896
5897
5897
5898
5901
5901
5902
5903
5903
5904
5904
5907
5908
5908
5908
5909
5909
5910
5911
5912
5912
5913
5914
5914
5914
5916
5917
5917
5917
5918
5921
5922
5922
5922
5923
5923
5924
5926
5926
5927
5927
5927
5927
5927
5928
5928
5931
5933
5934
5935
5937
5937
5939
5940
5941
5942
5944
5945
5945
5948
5948
5948
5950
5951
5953
5954
5960
5961
5961
5962
5963
5969
5970
5971
5973
5973
5975
5975
5976
5976
5976
5977
5977
5978
5978
5978
5980
5981
5985
5988
5989
5990
5990
5994
5994
5994
5998
5998
5998
6001
6001
6002
6003
6004
6006
6006
6010
6012
6014
6014
6014
6014
6015
6015
6017
6017
6020
6020
6025
6025
6026
6026
6029
6029
6030
6030
6031
6031
6031
6032
6032
6034
6034
6034
6035
6035
6035
6035
6036
6037
6037
6039
6039
6041
6041
6041
6042
6045
6045
6046
6046
6047
6047
6050
6050
6051
6051
6053
6053
6054
6058
6062
6064
6065
6065
6066
6066
6066
6066
6067
6068
6069
6070
6072
6073
6075
6076
6077
6077
6078
6078
6078
6079
6079
6079
6079
6081
6084
6084
6084
6085
6088
6089
6089
6090
6091
6091
6091
6091
6094
6096
6097
6098
6099
6100
6100
6101
6101
6102
6103
6103
6104
6105
6106
6106
6106
6106
6108
6108
6111
6113
6115
6116
6116
6118
6118
6119
6120
6122
6124
6126
6126
6128
6133
6134
6137
6138
6139
6140
6141
6142
6142
6142
6144
6145
6145
6147
6147
6147
6149
6150
6150
6151
6151
6152
6152
6154
6155
6155
6156
6156
6156
6158
6158
6160
6162
6163
6168
6169
6170
6170
6172
6172
6173
6173
6177
6178
6178
6179
6179
6179
6179
6182
6182
6183
6183
6184
6186
6188
6190
6190
6191
6191
6192
6193
6193
6193
6195
6195
6195
6196
6196
6197
6198
6198
6199
6200
6201
6202
6202
6203
6203
6203
6204
6205
6205
6206
6207
6208
6208
6209
6210
6210
6210
6211
6212
6213
6213
6214
6214
6218
6219
6220
6220
6221
6222
6224
6224
6226
6226
6226
6227
6229
6231
6232
6233
6235
6235
6236
6236
6237
6237
6241
6243
6247
6248
6248
6248
6250
6254
6254
6255
6256
6258
6258
6259
6260
6261
6264
6266
6266
6268
6271
6272
6273
6274
6275
6275
6276
6277
6277
6280
6281
6281
6282
6283
6283
6284
6285
6288
6288
6289
6289
6290
6295
6295
6295
6296
6297
6298
6300
6302
6303
6304
6306
6308
6309
6309
6310
6313
6313
6315
6316
6316
6317
6317
6319
6319
6320
6322
6323
6324
6327
6332
6332
6333
6333
6333
6335
6337
6338
6340
6343
6345
6346
6349
6355
6355
6357
6357
6360
6360
6362
6363
6366
6366
6366
6366
6367
6369
6370
6372
6372
6372
6374
6374
6374
6374
6375
6375
6376
6376
6377
6377
6377
6378
6378
6381
6381
6381
6383
6386
6387
6387
6388
6388
6389
6389
6393
6393
6393
6395
6396
6396
6396
6396
6401
6402
6402
6402
6402
6402
6406
6406
6407
6408
6408
6409
6410
6411
6412
6415
6417
6418
6420
6420
6423
6424
6424
6426
6426
6426
6426
6430
6431
6432
6432
6432
6433
6433
6434
6436
6437
6439
6439
6440
6442
6442
6443
6443
6445
6446
6447
6448
6449
6451
6451
6452
6453
6454
6454
6455
6455
6456
6456
6458
6459
6460
6462
6463
6464
6465
6466
6466
6468
6469
6469
6470
6470
6471
6472
6473
6474
6474
6474
6475
6476
6477
6480
6483
6483
6483
6484
6485
6485
6490
6490
6492
6494
6494
6496
6497
6498
6498
6501
6503
6504
6504
6505
6506
6506
6507
6508
6508
6509
6512
6513
6513
6514
6515
6515
6516
6516
6517
6518
6521
6521
6522
6523
6525
6529
6530
6530
6532
6532
6534
6535
6537
6537
6538
6539
6539
6540
6543
6543
6543
6545
6545
6546
6547
6548
6549
6550
6551
6556
6557
6557
6558
6558
6559
6559
6560
6560
6561
6562
6562
6563
6566
6567
6568
6569
6569
6572
6572
6572
6572
6573
6574
6575
6576
6577
6578
6578
6578
6579
6579
6580
6582
6583
6583
6583
6584
6584
6584
6584
6584
6586
6586
6587
6590
6592
6592
6593
6593
6594
6596
6596
6598
6598
6598
6599
6600
6600
6602
6602
6603
6603
6604
6604
6605
6606
6607
6607
6608
6609
6610
6611
6613
6615
6616
6617
6617
6619
6619
6620
6621
6622
6622
6622
6624
6625
6625
6626
6628
6629
6629
6630
6631
6631
6632
6633
6633
6635
6635
6636
6636
6638
6639
6640
6643
6644
6645
6645
6647
6649
6650
6650
6652
6656
6658
6659
6659
6659
6661
6661
6663
6663
6664
6665
6665
6666
6667
6669
6671
6672
6673
6674
6674
6677
6677
6678
6678
6678
6678
6680
6684
6685
6686
6686
6686
6687
6688
6689
6689
6690
6692
6692
6692
6696
6697
6700
6701
6702
6702
6702
6702
6703
6704
6704
6704
6704
6704
6709
6710
6711
6715
6715
6715
6716
6718
6718
6720
6721
6721
6722
6722
6723
6723
6723
6723
6723
6724
6725
6726
6726
6726
6727
6728
6728
6729
6730
6730
6730
6732
6735
6736
6737
6739
6742
6743
6745
6745
6747
6749
6749
6751
6751
6752
6754
6754
6758
6758
6758
6759
6759
6760
6760
6760
6760
6762
6763
6764
6765
6767
6767
6769
6769
6771
6772
6773
6774
6774
6774
6779
6784
6784
6789
6790
6792
6793
6794
6795
6795
6796
6798
6798
6799
6799
6800
6801
6801
6802
6803
6804
6805
6807
6810
6812
6813
6813
6816
6816
6818
6819
6820
6820
6823
6824
6825
6828
6829
6830
6830
6832
6832
6833
6833
6836
6836
6836
6839
6844
6844
6844
6845
6846
6846
6847
6851
6851
6853
6853
6855
6855
6856
6856
6858
6861
6861
6862
6863
6865
6865
6866
6866
6866
6866
6866
6867
6868
6869
6869
6870
6873
6874
6874
6874
6877
6878
6879
6879
6881
6882
6883
6883
6883
6886
6886
6890
6894
6896
6896
6899
6900
6902
6902
6902
6907
6908
6910
6911
6913
6913
6913
6914
6918
6920
6921
6921
6924
6925
6925
6927
6929
6931
6935
6935
6935
6935
6936
6941
6945
6948
6950
6950
6951
6951
6952
6952
6953
6953
6953
6954
6955
6959
6959
6960
6960
6961
6961
6962
6963
6964
6965
6966
6966
6966
6967
6969
6970
6971
6971
6972
6973
6976
6976
6978
6979
6980
6981
6984
6985
6985
6987
6987
6989
6990
6991
6992
6992
6992
6993
6993
6995
6997
6999
7000
7001
7004
7007
7007
7009
7009
7009
7010
7010
7012
7012
7013
7014
7016
7016
7017
7018
7021
7022
7023
7023
7023
7023
7023
7023
7024
7027
7029
7030
7031
7031
7034
7034
7034
7034
7036
7038
7039
7039
7040
7040
7040
7040
7041
7041
7046
7047
7047
7047
7049
7052
7052
7052
7054
7055
7055
7055
7056
7057
7057
7058
7059
7063
7063
7063
7064
7064
7065
7067
7067
7073
7074
7074
7075
7076
7076
7081
7085
7086
7086
7087
7088
7088
7089
7092
7092
7092
7094
7095
7096
7096
7097
7097
7099
7099
7101
7101
7103
7105
7106
7107
7109
7110
7111
7112
7112
7114
7114
7115
7119
7120
7121
7122
7123
7125
7125
7125
7127
7130
7132
7132
7133
7134
7136
7136
7138
7139
7141
7141
7141
7142
7142
7142
7142
7143
7143
7144
7144
7145
7145
7146
7148
7149
7151
7152
7152
7154
7155
7156
7158
7158
7158
7160
7160
7161
7161
7163
7164
7165
7167
7168
7168
7168
7168
7169
7171
7171
7173
7173
7175
7176
7176
7177
7178
7178
7179
7180
7181
7181
7186
7187
7190
7190
7191
7191
7192
7193
7193
7193
7195
7195
7196
7197
7198
7198
7198
7202
7203
7204
7204
7204
7205
7207
7209
7209
7211
7212
7215
7215
7215
7215
7218
7219
7219
7220
7225
7226
7228
7229
7231
7233
7233
7234
7234
7235
7236
7237
7237
7238
7238
7242
7244
7245
7246
7246
7247
7249
7249
7251
7251
7251
7256
7260
7261
7262
7263
7264
7264
7264
7265
7265
7266
7266
7267
7268
7269
7274
7274
7274
7274
7274
7275
7277
7278
7278
7279
7280
7280
7280
7283
7283
7287
7289
7289
7289
7290
7290
7293
7294
7296
7296
7297
7299
7300
7301
7302
7302
7304
7304
7307
7307
7307
7307
7308
7308
7310
7310
7312
7313
7313
7314
7314
7315
7317
7317
7318
7318
7320
7324
7325
7326
7327
7327
7327
7329
7330
7332
7333
7335
7337
7337
7341
7341
7344
7345
7346
7347
7348
7349
7350
7351
7351
7352
7353
7353
7353
7353
7354
7357
7359
7362
7366
7367
7371
7373
7373
7373
7373
7375
7376
7377
7378
7378
7379
7380
7382
7382
7382
7383
7384
7384
7385
7385
7385
7386
7386
7387
7388
7390
7390
7390
7390
7393
7394
7394
7396
7399
7400
7403
7403
7404
7405
7405
7406
7409
7410
7411
7414
7415
7415
7416
7417
7417
7418
7418
7418
7419
7419
7420
7420
7421
7421
7422
7423
7425
7427
7429
7430
7430
7431
7432
7433
7433
7434
7436
7436
7437
7438
7438
7440
7441
7441
7443
7443
7444
7450
7450
7453
7453
7454
7454
7459
7460
7462
7462
7463
7463
7464
7466
7468
7469
7469
7472
7472
7476
7477
7477
7477
7478
7478
7480
7480
7482
7483
7484
7486
7486
7487
7487
7487
7488
7488
7489
7490
7490
7490
7491
7491
7492
7492
7493
7495
7496
7497
7500
7501
7502
7503
7503
7503
7504
7504
7506
7507
7507
7508
7509
7509
7512
7513
7514
7514
7514
7517
7518
7519
7519
7521
7522
7522
7523
7524
7525
7525
7526
7526
7527
7528
7529
7531
7531
7533
7535
7535
7537
7539
7540
7540
7541
7542
7543
7544
7544
7544
7546
7548
7548
7548
7549
7549
7549
7550
7550
7553
7554
7555
7556
7556
7558
7560
7560
7562
7563
7565
7567
7567
7568
7569
7569
7570
7573
7574
7575
7576
7577
7579
7579
7579
7580
7580
7581
7581
7583
7583
7584
7585
7585
7585
7586
7586
7587
7588
7589
7590
7593
7594
7595
7597
7597
7598
7600
7600
7601
7602
7603
7604
7605
7606
7607
7609
7610
7612
7612
7615
7616
7616
7616
7616
7617
7618
7620
7621
7624
7626
7627
7627
7628
7629
7630
7630
7631
7632
7634
7636
7637
7638
7642
7645
7645
7647
7647
7647
7648
7649
7649
7650
7651
7652
7653
7653
7654
7655
7656
7657
7657
7657
7658
7658
7659
7659
7661
7663
7665
7665
7665
7666
7669
7670
7672
7673
7676
7676
7680
7681
7681
7682
7683
7684
7686
7687
7688
7689
7691
7692
7695
7695
7696
7697
7698
7698
7700
7700
7700
7700
7701
7701
7702
7702
7702
7702
7703
7703
7703
7704
7706
7707
7709
7712
7713
7713
7713
7714
7714
7714
7717
7717
7718
7719
7720
7721
7723
7724
7724
7726
7727
7728
7730
7733
7734
7735
7735
7735
7738
7738
7741
7743
7746
7746
7747
7747
7747
7747
7747
7747
7749
7749
7750
7751
7752
7753
7754
7756
7757
7757
7759
7761
7763
7764
7765
7767
7769
7770
7770
7770
7771
7771
7772
7775
7776
7777
7778
7778
7778
7781
7783
7787
7788
7788
7790
7791
7793
7793
7793
7795
7796
7796
7797
7797
7797
7798
7798
7800
7801
7802
7804
7805
7806
7807
7809
7810
7812
7815
7815
7816
7817
7817
7818
7819
7819
7820
7820
7820
7821
7823
7823
7823
7823
7824
7825
7825
7827
7827
7827
7828
7828
7828
7828
7830
7832
7832
7833
7834
7834
7835
7836
7836
7837
7837
7839
7839
7841
7842
7842
7844
7844
7844
7845
7847
7847
7847
7847
7847
7849
7849
7850
7850
7850
7851
7853
7856
7858
7860
7861
7862
7862
7863
7863
7864
7866
7868
7868
7871
7871
7874
7876
7876
7876
7879
7880
7880
7880
7880
7880
7883
7884
7886
7888
7889
7890
7892
7894
7894
7895
7895
7897
7898
7898
7899
7899
7900
7900
7901
7902
7902
7904
7905
7906
7908
7908
7909
7910
7912
7912
7912
7913
7914
7914
7915
7915
7916
7922
7922
7923
7923
7925
7925
7927
7927
7928
7928
7933
7933
7936
7943
7943
7946
7948
7949
7950
7950
7951
7953
7954
7955
7958
7959
7959
7960
7960
7961
7962
7963
7964
7965
7966
7970
7971
7972
7972
7972
7973
7975
7976
7977
7977
7979
7981
7981
7986
7987
7987
7989
7989
7992
7992
7993
7995
7997
7997
7998
8001
8003
8003
8003
8004
8005
8005
8006
8006
8009
8010
8011
8013
8015
8016
8020
8024
8024
8024
8026
8029
8030
8030
8031
8031
8031
8031
8032
8033
8033
8035
8035
8039
8039
8040
8041
8042
8045
8045
8045
8046
8049
8050
8050
8050
8051
8052
8053
8054
8054
8054
8055
8056
8058
8058
8058
8059
8060
8061
8065
8067
8068
8069
8069
8069
8071
8073
8074
8075
8078
8082
8082
8082
8086
8087
8088
8088
8088
8090
8091
8091
8091
8092
8093
8093
8093
8093
8094
8094
8094
8095
8095
8098
8098
8100
8101
8103
8105
8106
8107
8107
8107
8108
8110
8110
8111
8113
8114
8114
8117
8117
8118
8119
8119
8120
8121
8122
8124
8126
8126
8127
8127
8127
8128
8128
8130
8130
8130
8132
8132
8132
8134
8134
8135
8135
8138
8138
8138
8138
8139
8139
8140
8140
8141
8142
8143
8143
8144
8145
8149
8150
8151
8152
8152
8157
8160
8161
8161
8161
8162
8162
8163
8164
8164
8165
8166
8168
8169
8169
8170
8172
8172
8174
8174
8175
8175
8175
8176
8176
8177
8179
8179
8180
8181
8182
8188
8188
8189
8189
8189
8190
8191
8192
8196
8198
8198
8199
8200
8201
8202
8204
8205
8206
8206
8207
8210
8211
8212
8213
8215
8215
8215
8216
8218
8220
8221
8221
8222
8222
8223
8224
8225
8226
8228
8231
8232
8232
8233
8235
8236
8237
8241
8241
8241
8243
8243
8244
8245
8245
8245
8246
8246
8246
8249
8249
8249
8251
8251
8252
8252
8253
8257
8257
8257
8257
8258
8259
8259
8260
8260
8260
8261
8262
8263
8265
8267
8269
8269
8270
8270
8271
8271
8271
8273
8273
8273
8277
8277
8279
8280
8281
8282
8282
8282
8282
8283
8284
8285
8285
8285
8286
8286
8286
8287
8287
8290
8290
8291
8293
8293
8295
8300
8301
8302
8302
8302
8303
8303
8303
8304
8304
8307
8308
8308
8309
8311
8311
8312
8314
8315
8316
8316
8319
8320
8320
8320
8321
8322
8323
8325
8327
8329
8330
8330
8332
8332
8335
8335
8337
8337
8338
8338
8339
8341
8344
8345
8345
8346
8347
8347
8347
8348
8349
8352
8354
8354
8355
8355
8357
8358
8358
8360
8360
8361
8361
8362
8364
8365
8367
8368
8369
8370
8370
8372
8372
8373
8373
8374
8374
8375
8375
8378
8378
8379
8380
8381
8382
8383
8387
8389
8389
8390
8390
8390
8391
8393
8395
8395
8396
8396
8398
8400
8400
8402
8403
8403
8404
8406
8407
8408
8408
8410
8411
8411
8411
8411
8412
8412
8413
8414
8414
8414
8416
8417
8418
8418
8419
8421
8422
8424
8424
8424
8427
8427
8429
8430
8432
8433
8435
8435
8437
8441
8443
8444
8445
8446
8448
8448
8449
8455
8455
8456
8457
8457
8457
8458
8458
8458
8458
8460
8460
8461
8461
8463
8463
8464
8467
8468
8471
8471
8471
8472
8473
8473
8474
8475
8476
8477
8477
8479
8480
8480
8480
8482
8482
8482
8484
8484
8488
8488
8489
8489
8489
8491
8491
8491
8492
8492
8492
8494
8494
8494
8496
8500
8500
8502
8504
8505
8506
8506
8506
8508
8510
8511
8512
8513
8520
8520
8522
8522
8524
8525
8526
8526
8527
8527
8528
8528
8530
8532
8532
8533
8533
8533
8533
8534
8534
8535
8535
8538
8539
8539
8540
8541
8541
8542
8543
8545
8545
8546
8547
8549
8550
8550
8550
8551
8552
8552
8554
8556
8557
8559
8559
8560
8560
8561
8563
8564
8565
8565
8567
8568
8570
8573
8573
8573
8573
8575
8576
8578
8579
8579
8581
8583
8586
8586
8590
8590
8591
8591
8593
8595
8595
8596
8596
8597
8599
8603
8604
8604
8605
8605
8605
8606
8606
8607
8612
8612
8612
8613
8614
8614
8614
8615
8616
8617
8618
8618
8618
8623
8624
8626
8626
8626
8628
8628
8629
8631
8634
8635
8635
8635
8636
8638
8639
8641
8641
8641
8642
8642
8643
8643
8643
8648
8648
8649
8650
8650
8654
8656
8657
8662
8662
8663
8663
8664
8665
8665
8665
8666
8671
8672
8673
8673
8675
8675
8676
8677
8677
8678
8678
8679
8681
8682
8682
8682
8684
8684
8685
8686
8689
8689
8691
8694
8695
8695
8696
8698
8700
8702
8703
8704
8704
8704
8705
8706
8706
8707
8710
8710
8711
8711
8711
8713
8715
8718
8718
8720
8721
8721
8722
8723
8723
8723
8723
8723
8723
8724
8724
8725
8726
8726
8727
8729
8729
8730
8730
8733
8734
8734
8734
8734
8734
8735
8736
8738
8739
8740
8741
8742
8748
8748
8751
8751
8753
8753
8754
8754
8755
8755
8755
8755
8757
8760
8761
8762
8762
8766
8766
8768
8769
8769
8769
8771
8774
8775
8775
8775
8776
8778
8778
8780
8781
8781
8781
8783
8785
8787
8789
8794
8794
8796
8796
8798
8800
8800
8801
8803
8805
8805
8807
8809
8809
8813
8814
8814
8815
8815
8815
8817
8818
8820
8821
8822
8824
8824
8824
8826
8828
8828
8832
8833
8834
8836
8836
8836
8838
8841
8841
8842
8842
8843
8843
8844
8847
8847
8848
8849
8850
8851
8851
8853
8856
8856
8857
8858
8859
8860
8860
8861
8861
8861
8863
8864
8865
8871
8872
8873
8873
8874
8874
8875
8875
8876
8879
8881
8881
8881
8882
8883
8884
8888
8889
8889
8891
8892
8894
8896
8897
8897
8897
8898
8899
8899
8902
8903
8903
8904
8904
8909
8909
8911
8914
8915
8916
8917
8917
8920
8922
8922
8922
8923
8924
8928
8928
8930
8931
8931
8932
8932
8933
8933
8935
8936
8937
8939
8939
8940
8942
8942
8945
8945
8946
8948
8950
8951
8954
8956
8958
8958
8958
8959
8961
8963
8967
8967
8968
8969
8970
8970
8970
8971
8971
8974
8976
8976
8977
8982
8983
8990
8991
8993
8994
8996
8996
8997
8998
8999
9000
9000
9001
9001
9001
9003
9003
9003
9003
9005
9005
9006
9006
9007
9007
9009
9010
9012
9012
9012
9013
9014
9014
9014
9015
9015
9017
9020
9023
9025
9025
9026
9027
9027
9027
9028
9028
9029
9030
9031
9032
9032
9033
9033
9033
9034
9035
9035
9037
9037
9039
9042
9042
9042
9043
9044
9044
9045
9045
9047
9047
9049
9052
9054
9055
9055
9056
9056
9057
9058
9061
9065
9066
9066
9067
9069
9070
9070
9072
9072
9072
9073
9075
9077
9078
9081
9081
9084
9084
9085
9085
9087
9088
9088
9089
9089
9089
9089
9090
9090
9091
9092
9092
9093
9093
9093
9095
9096
9097
9098
9098
9099
9100
9103
9104
9104
9109
9111
9112
9113
9114
9114
9116
9117
9118
9118
9122
9123
9124
9124
9126
9127
9128
9129
9129
9130
9131
9132
9136
9137
9138
9139
9139
9141
9142
9144
9147
9147
9148
9148
9150
9151
9151
9154
9156
9156
9157
9160
9160
9167
9168
9168
9171
9171
9174
9175
9175
9176
9176
9180
9181
9181
9182
9182
9183
9183
9184
9185
9185
9186
9187
9189
9189
9189
9190
9190
9191
9192
9192
9195
9196
9197
9198
9202
9203
9206
9207
9207
9207
9207
9209
9209
9209
9210
9211
9211
9214
9215
9215
9216
9216
9216
9217
9218
9218
9220
9225
9225
9226
9227
9227
9228
9229
9229
9229
9233
9233
9233
9233
9233
9234
9235
9236
9236
9236
9237
9239
9240
9241
9242
9242
9246
9246
9249
9250
9251
9252
9252
9253
9255
9255
9258
9259
9260
9261
9262
9263
9266
9270
9273
9274
9275
9275
9277
9279
9281
9283
9283
9284
9284
9285
9287
9289
9291
9293
9293
9293
9293
9294
9294
9297
9297
9297
9299
9300
9302
9303
9304
9305
9306
9308
9309
9309
9312
9313
9314
9314
9317
9320
9320
9321
9322
9324
9324
9325
9325
9327
9328
9328
9329
9332
9332
9333
9334
9334
9334
9335
9336
9337
9337
9338
9339
9339
9340
9342
9344
9347
9348
9353
9355
9356
9356
9356
9356
9357
9358
9358
9359
9359
9359
9360
9360
9360
9361
9361
9362
9362
9364
9364
9365
9365
9367
9369
9370
9371
9375
9376
9377
9377
9379
9381
9383
9384
9384
9385
9386
9387
9388
9388
9388
9393
9395
9395
9397
9399
9399
9399
9399
9402
9402
9402
9405
9405
9405
9407
9407
9409
9411
9411
9412
9413
9414
9415
9415
9417
9418
9418
9418
9418
9418
9418
9421
9421
9422
9425
9426
9429
9430
9432
9433
9433
9435
9435
9435
9435
9439
9439
9439
9440
9441
9443
9443
9446
9446
9446
9447
9450
9452
9453
9455
9456
9456
9457
9458
9458
9463
9464
9465
9465
9465
9468
9469
9469
9471
9474
9475
9476
9477
9478
9478
9478
9479
9479
9479
9483
9484
9484
9485
9486
9487
9487
9487
9488
9489
9489
9490
9490
9490
9494
9495
9495
9496
9498
9499
9500
9503
9503
9506
9509
9511
9511
9513
9514
9517
9517
9518
9519
9521
9521
9524
9526
9526
9526
9527
9528
9528
9529
9530
9531
9535
9537
9538
9539
9541
9542
9543
9544
9545
9546
9546
9547
9547
9547
9550
9551
9553
9554
9555
9556
9557
9557
9558
9559
9559
9561
9562
9563
9564
9566
9566
9567
9569
9572
9574
9575
9575
9576
9577
9580
9581
9582
9582
9583
9584
9587
9587
9588
9591
9591
9592
9592
9596
9597
9600
9602
9605
9605
9606
9608
9611
9611
9613
9613
9613
9614
9614
9615
9616
9616
9617
9617
9617
9618
9618
9619
9621
9622
9624
9624
9626
9628
9628
9629
9629
9631
9632
9635
9635
9640
9640
9641
9641
9642
9643
9643
9644
9645
9649
9649
9651
9651
9651
9652
9652
9652
9656
9657
9660
9661
9663
9667
9667
9667
9669
9669
9670
9671
9673
9675
9676
9677
9677
9679
9681
9684
9685
9685
9685
9686
9686
9686
9686
9686
9688
9689
9689
9689
9690
9692
9693
9696
9697
9699
9700
9701
9702
9702
9703
9703
9704
9704
9705
9705
9706
9706
9710
9710
9713
9713
9714
9715
9716
9719
9720
9722
9722
9723
9724
9726
9726
9727
9728
9728
9729
9732
9732
9732
9732
9734
9735
9737
9738
9738
9739
9740
9741
9741
9744
9745
9746
9746
9746
9747
9747
9747
9749
9754
9755
9756
9757
9758
9758
9760
9761
9761
9762
9763
9766
9767
9767
9768
9769
9769
9770
9770
9772
9773
9773
9773
9774
9777
9782
9782
9784
9785
9790
9790
9790
9791
9792
9794
9794
9795
9795
9796
9796
9797
9800
9801
9801
9801
9801
9802
9802
9803
9803
9804
9804
9805
9806
9807
9810
9814
9815
9815
9816
9817
9817
9818
9818
9819
9821
9822
9823
9823
9824
9824
9824
9826
9828
9828
9829
9829
9830
9832
9834
9834
9835
9835
9837
9837
9837
9840
9842
9844
9845
9846
9846
9848
9852
9853
9854
9855
9855
9856
9857
9858
9858
9859
9860
9861
9861
9861
9862
9862
9863
9864
9865
9866
9866
9868
9868
9872
9872
9872
9872
9873
9875
9875
9876
9877
9878
9879
9879
9879
9879
9881
9882
9883
9883
9885
9887
9887
9888
9890
9890
9891
9892
9892
9893
9894
9895
9896
9896
9897
9897
9898
9903
9904
9905
9905
9906
9908
9909
9909
9910
9910
9911
9913
9914
9914
9918
9920
9920
9922
9922
9924
9925
9927
9930
9930
9934
9935
9935
9937
9937
9938
9940
9940
9940
9941
9941
9941
9945
9945
9946
9946
9946
9947
9951
9954
9955
9955
9955
9955
9957
9958
9960
9962
9965
9969
9969
9969
9970
9971
9972
9973
9973
9974
9974
9975
9975
9975
9977
9977
9979
9980
9980
9980
9980
9981
9982
9983
9983
9985
9986
9986
9987
9987
9989
9991
9993
9994
9994
9997
9998
9998
9998
9999
9999
9999
