1000
854
7559
7524
3780
1263
5321
3449
5090
7287
8429
7097
2052
4702
473
7342
6519
8158
9631
1557
755
4358
5446
7597
3159
1078
2307
2722
2351
8107
9813
7278
2559
3091
5945
9934
4966
7857
9309
8984
3606
6123
7865
6919
7116
470
7758
4372
2280
7551
5973
4116
629
6739
5415
3694
3000
4514
951
9586
8741
9897
6249
350
3113
3711
3898
2159
5005
6436
8395
6761
2865
7568
7621
1001
3773
3580
5309
2419
5243
5850
22
6066
5561
1179
3977
4890
7716
2419
6528
1488
1987
9514
6105
6818
1485
2004
1793
697
1379
7769
5131
9828
7364
3638
6743
4307
545
3945
2919
9970
1224
9751
8235
7393
2875
9517
1115
4169
3478
1512
1992
3203
7666
4929
2153
3110
5929
8627
4706
994
8246
243
214
1728
5629
5333
7155
807
8207
6082
9715
7683
5340
8458
6729
9310
6555
3586
795
4755
2573
5949
1922
63
5194
7415
3568
7920
2912
3981
7096
1352
2619
6387
1770
3107
6596
1244
3233
4642
5201
1686
2132
6543
7131
33
150
1924
3894
8616
6311
5054
7651
6302
3008
117
7030
6053
3514
7291
8018
7897
4296
3704
4743
4536
2817
9443
1677
5791
8354
6431
6247
2940
4077
4308
6040
9856
9983
4952
761
8288
450
3178
8910
3891
7255
767
6125
4742
9648
7333
5615
5688
4715
6921
6723
9466
7929
4158
9887
7492
4068
1233
1567
6419
6220
4768
9788
2053
7450
1433
5913
3935
6066
6950
9008
1821
8998
2480
5798
9232
1935
2176
497
8603
5919
8424
6833
5371
4808
5661
3067
7426
8077
5971
7100
1614
329
9253
1738
5185
7237
859
6121
841
1657
4309
52
3348
8476
370
2242
3973
2956
8524
4605
335
6306
5240
9461
9030
2400
1425
3616
367
6235
8355
779
9921
5410
7602
6116
1445
3810
5639
5742
3855
105
6339
406
2791
9710
5697
9644
7856
618
7720
5006
9017
4786
4384
8905
1545
2202
4655
852
7806
4975
2836
4744
3235
3456
6645
8549
8612
835
2297
7001
2912
5295
6527
4108
5864
4301
7485
7089
8918
3635
5581
5608
6756
4219
3049
8275
3363
648
1184
7542
812
3425
3977
4166
5592
8648
7877
8036
2369
4688
2189
2151
1188
5407
171
6811
8395
4350
901
6826
3101
1529
1760
5949
642
645
3994
3468
4233
7325
6334
2055
6542
5717
4837
4610
4815
553
7714
4202
4664
2074
5423
4622
4378
8584
8266
2427
3988
6603
3878
9166
6756
2144
3885
6103
1720
9727
8921
164
1386
7777
3764
6945
1699
9395
8296
3838
7253
6699
819
3609
9282
2370
3895
956
9513
1321
5949
6269
1316
654
2682
1431
198
4613
9207
8570
8749
3716
5319
3677
1702
6313
5896
9544
8875
6284
4620
7952
6573
7912
1445
754
365
3858
7254
3666
3450
1676
4191
6084
8
3413
9604
4124
802
4558
6018
8157
2277
7200
9039
8441
2709
6814
9500
6293
3370
9296
6278
5455
2993
2564
7750
7755
6960
653
2759
8538
5146
4867
2760
777
8360
1462
9553
9540
2354
839
8982
3421
5090
7046
2772
7271
1177
3022
9533
8538
5734
5651
4288
4534
7952
1198
5606
6627
9286
428
2829
2729
7028
1385
1129
2048
5633
938
2449
8478
4267
898
2619
5464
7124
8822
6621
8981
9260
2728
8109
7000
7539
8501
7483
3847
9402
2107
3892
6492
6155
2158
6156
5576
5634
525
2471
5777
1336
6158
8348
2692
5999
1025
2006
9659
6592
8263
7655
1386
4779
7182
5350
3750
5648
5063
4682
9192
8530
3783
9483
2604
9468
5283
6591
4698
3274
305
7197
2570
2261
7948
9129
6500
914
4733
4920
768
9893
7605
9246
8759
8696
6413
8642
8965
2681
1761
449
3408
3527
5826
9090
9384
4964
3197
8414
6417
9084
3115
6391
8888
8947
5776
4512
2326
1539
486
2492
1616
2902
3935
9328
5087
4213
2721
6783
4278
1507
361
5684
4919
1990
190
7848
6647
9003
1435
2464
4357
6031
2268
1490
4445
6970
5261
8471
6752
1921
5855
2182
6904
90
5288
4886
112
9155
3630
2889
4677
6119
9637
3827
7731
8581
1851
2627
9417
577
7273
5036
1417
9938
7959
3914
3189
4578
1701
5009
1579
2478
5090
6654
1668
5641
8302
1224
1781
1104
9508
7548
632
3093
5960
7067
8725
9349
8633
6686
3131
9233
7694
8447
7664
6854
9557
1688
9963
334
3566
7691
7198
4042
8020
880
3167
666
5331
5364
2844
2021
2212
5882
314
6975
2193
2623
153
1675
2978
9302
1583
2570
4042
7426
6472
7007
4334
6716
6497
3450
6776
3113
8688
9092
3231
5676
9628
353
1596
595
2943
2260
5496
9189
9692
1096
3350
2732
337
2321
2572
3851
8373
562
8658
4115
5529
4016
508
3042
9254
3788
6915
8454
8893
4598
53
639
5644
3503
8801
6272
6409
2150
1689
6096
7874
7922
9622
2546
8968
1621
7825
3242
8346
381
2113
1557
3807
7053
1828
4970
5466
6173
3333
8960
513
1987
2965
3413
2357
4939
9867
7406
9675
1353
1459
2953
1284
2571
7316
4087
3642
181
3254
4237
9282
6100
4227
6845
6418
8993
9704
4458
1828
3595
6176
1129
1896
407
166
8343
7828
9078
522
7613
7937
4109
3118
77
4676
4364
9783
2719
4407
235
8799
4714
5824
5323
5896
5875
7046
1238
9120
9066
3372
6230
729
673
6666
9954
8919
6487
9383
5702
8419
63
6587
2518
9888
8700
8663
6391
8149
942
1756
4896
9637
5327
8615
8963
3369
7610
614
7882
9633
6913
4317
3838
1418
1928
443
5111
8394
8959
8243
8770
316
5828
9536
7524
7864
5991
1558
8148
7975
7846
2889
9896
2607
1136
1012
7064
1617
820
4618
5027
3167
7062
2186
1408
4767
9946
1797
5804
7174
3709
919
3716
8344
5287
6040
7492
367
9177
9019
2993
2237
8500
9268
4957
3891
2711
19
590
7009
4285
4104
972
4279
4364
1643
1604
8470
1450
5886
5653
5104
7302
596
5367
6284
669
5789
4544
8513
4203
4209
