9500
8734
9681
5100
2128
8456
2776
7176
127
4065
6726
7656
5022
3342
6624
5051
5122
9070
8271
2061
9801
2346
9557
5825
3351
9605
136
9572
9116
2098
171
2525
5233
5777
5382
8822
2317
1555
822
7234
8260
7477
1490
8682
6144
3267
8460
9818
7145
3727
6722
2301
5578
4410
9020
8090
183
1078
3657
8945
8390
1613
42
7265
7097
3450
4985
600
6103
8473
1358
5187
9676
6702
5553
2183
8404
1122
2012
747
8443
3878
2245
6630
8557
719
926
5524
5194
9255
5738
329
2002
3579
7034
6833
1523
4531
6927
6506
7880
460
3546
4607
8951
3022
9511
1578
235
2792
1956
2404
5901
1982
6576
6578
3896
6335
1217
6867
5625
6053
7393
470
5931
1090
184
7421
8003
4608
3062
8416
302
360
6779
940
8841
9057
6272
2432
3495
6213
948
4798
3174
3624
5049
7645
5858
4683
588
9336
1322
2962
4939
8190
8117
219
4689
3845
2938
6615
4204
4497
8455
9823
9569
7820
7057
8727
1934
6236
5179
4697
2798
6711
8119
3387
569
4450
4173
7752
8997
2263
7658
5794
2294
433
9361
521
243
5150
2781
8565
2295
6124
2279
2379
3316
9600
594
2515
1846
1710
9541
8718
2200
4123
1789
799
9283
5911
8842
2657
5788
2695
3781
160
7805
9030
2471
1856
73
8664
3033
7975
6953
7330
4825
3879
6468
9667
7283
9642
8001
2935
5268
6972
503
4438
8414
7837
8857
74
5086
6115
7757
8258
4757
3762
9737
2506
2520
6025
26
1445
8461
2250
822
2502
2539
992
5365
8058
1017
2863
2725
5475
4889
5648
6322
5582
2661
6078
6866
1205
459
5499
3705
8098
6494
2302
6015
1548
9320
5608
4708
5581
2988
2088
4922
7304
4239
3651
1808
8575
2732
6802
6393
1433
5493
1074
7431
4469
7681
7046
1794
1972
5892
4212
4413
9887
5010
9017
3690
4142
3310
7589
9347
4327
4004
9399
4368
2742
2006
5498
5804
9985
6749
9489
8206
8649
1560
1773
9830
7382
711
5877
8237
2874
1378
7350
2020
6443
2936
1164
688
7649
1027
2093
6050
4698
7109
872
856
6649
8817
2618
914
6035
6476
4590
6752
1768
2444
9421
1442
2432
1769
7569
7695
5099
1933
8484
3537
4770
5262
3919
8775
531
8733
5375
9763
2620
8361
7697
939
8724
714
2578
5127
3447
6014
9734
6993
8338
726
9986
7702
1078
5418
794
769
1049
8751
6248
6160
2475
6645
1402
7948
6959
7585
8280
1977
6346
3939
5711
9123
944
9897
2088
4205
3648
4773
1483
3980
7842
3906
1674
5411
9009
4119
5074
9951
6567
7628
450
8291
9294
9875
5710
4667
2199
5917
8853
5576
2431
9229
5060
1570
7337
6508
5975
3963
1722
7376
6032
8604
6663
4580
1598
6012
4246
2810
7503
2241
6147
2168
9801
2338
4154
5481
9418
257
7847
8535
9455
8270
746
9498
9072
6517
6514
9
46
660
9617
3545
1179
6195
28
5279
4853
1267
4571
9747
4199
7627
6133
8249
4436
6020
5198
6173
4192
4884
559
8320
9415
9898
9488
7180
7351
6810
9085
5080
8748
1244
4116
820
7039
8541
4314
5582
651
1453
4096
8189
8319
3384
4395
8245
2395
6674
6442
1850
7120
6296
6979
4632
3430
3919
6539
1993
9399
5865
5321
965
691
6622
6813
1435
9407
777
7700
4885
3174
5862
145
3682
8265
4382
9180
4801
227
8916
1739
5546
100
9001
7673
9095
7581
7709
7204
7462
9291
2986
918
124
1837
1603
2010
9118
967
4142
5748
5885
96
3081
6578
1507
7344
3574
7713
9975
6769
3148
938
8300
8721
6492
8020
9490
990
3668
9412
311
3671
8198
76
1384
3011
6645
9689
1438
9644
5857
8605
757
8054
7959
3100
5118
4121
799
8039
2355
3857
1624
7818
88
950
3798
4777
671
2896
5326
785
7832
4617
3092
1068
6830
6792
7915
3421
5569
6220
4987
6774
7097
1109
3275
4766
482
4031
7349
1240
9313
3352
5389
8484
6950
5654
1556
3955
8304
1496
1330
7132
1715
6290
2071
8225
8753
4547
1798
2964
8760
600
5214
7190
971
777
1105
5817
7450
5587
5897
62
1703
3378
5143
2618
9045
9112
2353
8411
9828
200
5272
1041
6454
791
1054
2391
4663
451
7009
9418
5507
6469
4893
4503
7509
7820
3946
9435
4348
935
2163
4127
75
4912
3046
6030
2958
5975
8424
256
8477
6560
6214
4002
7687
6079
7807
8896
2034
5977
1328
5847
5004
9370
400
1362
9297
593
7989
1110
996
7933
7373
2875
9127
6484
762
8215
8720
7676
1872
4245
8138
4936
8909
9845
3629
2530
566
3757
6420
8345
6375
6490
1065
4460
3836
409
8031
7127
5924
2787
3049
8488
5061
2297
8945
977
569
297
8045
9567
30
2418
299
9649
1625
1029
2243
7506
5142
2112
6980
8357
260
6490
1201
2317
6183
4269
9052
5600
5665
9991
9489
3205
2724
1718
4034
216
4352
6473
1865
5461
9418
2834
7190
1345
7597
190
5186
6769
2545
9093
343
8124
9872
1986
8472
730
368
8228
6678
6678
4998
8241
6795
1823
2343
1621
4918
9206
7261
3299
9435
3884
4233
9563
9582
1268
4944
363
3441
1303
9324
3430
1348
1082
8152
3935
6686
2154
1233
844
2465
6451
9823
2820
8928
1685
3727
1992
2348
2836
9190
1794
3858
8522
9937
5526
6696
7828
4608
9043
5747
1445
8169
8629
9561
6530
273
1312
6569
603
8508
9335
8226
4325
2261
8201
6333
3985
2588
9139
8881
1250
3851
1317
1297
331
1870
3026
1443
6367
2137
3946
3605
8003
1449
4394
8403
7121
6722
628
2938
9535
2155
9066
63
1766
289
3080
9863
3743
6050
6264
5950
6663
5904
4755
4396
2048
1193
413
2748
7086
1514
2285
3225
7995
4834
3027
6452
7992
1124
2819
6483
3053
5927
4634
3498
7567
2499
3630
338
5519
3470
6324
7308
7325
2431
1316
6760
2780
1246
9191
8902
2823
7597
207
474
8648
4425
5329
6729
8075
3598
883
7517
5851
785
1242
7651
2019
7862
5650
886
8320
4988
991
9846
2306
8513
1829
9305
4882
931
874
8382
7914
1978
1818
8546
9142
8579
613
939
5104
5860
1185
5070
6304
8323
1803
304
2621
7209
9945
2438
881
4622
2120
1527
7156
549
9360
7580
4403
7034
9696
912
6685
1728
8874
2243
2510
9553
4785
2271
9229
7191
113
1663
2014
5677
7960
3509
2401
1685
691
7925
1357
6241
8308
1943
6639
4466
2719
2140
1227
8046
3096
4370
976
5018
6844
7000
9861
3037
2593
291
7171
4784
1469
4643
8740
2354
2612
2373
7302
575
9543
6846
6122
6034
8573
5960
8828
1840
8534
2232
7010
1970
4749
885
4930
562
6910
7759
6105
2139
9327
2151
5536
1582
8464
5067
2522
1352
4727
6764
9557
1171
1379
7110
4054
6250
4623
4279
8461
7405
7540
6393
1639
7819
6874
3373
839
4077
5736
6396
7809
2789
2140
949
477
3256
6407
9693
9613
9077
3473
5476
6156
9574
1928
7815
1255
7770
6100
9239
9277
8435
1742
8568
9359
6469
3748
5639
1411
9692
7297
2114
4279
5849
544
9941
7383
3029
1901
3003
8755
3402
3697
9946
9171
8847
5771
531
3462
6825
6902
8834
7134
3375
6433
8245
5571
8375
6075
2654
2820
5172
5927
5719
2043
1561
8458
4946
5907
4528
9226
7847
9184
1434
7738
5318
5810
6409
7871
3785
8095
9784
9435
803
6598
2005
796
5594
6592
8206
3285
1347
2026
7202
2848
8924
3038
6116
3242
5714
4727
4017
2368
3930
7022
5851
6041
9136
9418
704
4441
6046
9615
1686
7186
1353
4269
3816
6704
5829
2
4542
4957
242
3401
3014
2950
990
6079
1820
7378
2908
3789
3279
1740
7531
5620
3041
5596
9235
8151
9183
3285
9537
4033
1161
3761
6047
8460
7055
8671
1306
6320
4090
8612
3718
6001
196
5816
8579
7630
7579
6962
316
1997
6602
6687
3827
980
1568
6537
2953
7834
4347
8078
4243
1039
4641
3895
5234
1274
6042
1559
7902
2627
8539
5786
9890
9253
9210
3093
6971
4356
1049
4855
12
9580
6798
6480
3110
8031
7333
6303
8828
2697
2504
8293
8312
2665
3775
2325
7908
5034
7772
2947
7384
6345
7603
7713
7095
5391
6202
3739
6456
5667
4115
7627
9047
9386
139
7433
6869
157
4844
1347
8510
9566
430
3841
8293
5404
4190
4685
934
7178
3484
2135
5064
9147
3400
4757
2278
663
3437
936
8355
8967
7489
350
7825
8755
953
6948
1029
9581
5971
751
2768
6035
8417
3534
1407
7385
5476
5844
9980
7215
1933
8127
5217
7783
9348
7824
9834
8071
426
2289
5107
8657
89
7689
9866
7895
305
2891
3547
1508
579
9616
3446
6448
6739
890
5091
7287
8618
5883
1060
6856
4757
9613
1819
32
1150
5430
6990
6280
8875
9879
3795
4803
7915
4011
7307
1693
8704
7714
5847
5322
405
8723
4573
8605
5136
3779
5822
1199
2021
7726
8794
1251
9761
1078
296
217
8243
2480
7698
2557
6340
1762
4151
1749
9617
8050
3762
3376
5709
3660
2083
6678
8231
8915
6995
6504
6078
7797
5426
3339
6616
676
112
7828
2895
8977
8286
5463
4725
5759
6381
5123
6440
3279
6401
6426
8488
6945
6065
2203
3699
7504
4152
2466
772
855
539
4013
5350
1706
9001
6418
9339
3630
4243
6767
1950
9430
8491
46
1463
4470
2859
1792
7057
6381
2012
5191
4229
2008
9824
713
9810
3264
5998
5410
7816
8931
4499
7900
5165
7540
6863
2219
5602
8033
115
5638
2873
3225
5963
5755
5394
1433
3005
2623
3555
2414
3132
2809
1101
6197
2416
4370
2391
6736
9977
2229
9559
1537
6431
2217
1841
1102
6617
5716
8290
3877
5667
4039
4859
3274
6669
4904
1127
1822
7441
7086
1349
7490
2423
9864
6550
1567
761
7163
4436
2918
5674
742
5989
2371
4804
9790
4201
2763
8164
1750
5369
1221
1929
2330
3203
3924
3755
7686
7514
918
4569
1231
1334
9848
5755
5285
3700
3449
152
319
9651
5741
3209
2693
2694
9006
5403
9618
7702
5038
2850
7023
1247
45
1641
3713
7088
936
4127
8267
5254
4926
3644
5442
5394
5223
6051
2293
3339
1066
3305
4788
7101
4970
3848
6182
7724
8538
5742
8543
4185
2561
6062
4722
2179
7798
9012
6274
7168
7055
5033
8643
5890
7373
7141
4150
6583
8179
4046
2944
3235
6369
1180
6259
2385
5826
970
2899
3350
8849
5744
4968
1368
5450
481
3047
2107
9685
9209
7658
2635
8355
1621
508
6168
257
5856
8054
7616
7973
5573
9729
2546
3053
174
1273
7576
962
281
7909
6219
7482
5270
7198
7849
5234
1368
659
1759
2521
9643
694
2183
9089
9233
1602
8635
6735
1510
4581
6150
8843
7550
5282
754
5392
2633
6836
1677
339
765
1157
5851
6376
3626
6824
9395
5354
1434
6955
7161
7657
6971
1461
6700
5542
1778
9713
5870
3981
2222
7680
566
1528
233
3292
562
4761
5086
9860
514
6689
4591
2200
60
5722
7375
5815
757
3662
1810
4962
6178
9746
5450
5235
9998
6829
4974
6721
8935
7012
7897
3641
283
1214
2797
3776
9906
3783
187
2337
6759
8848
7251
1408
504
6758
1215
9439
3549
4437
4044
8643
9249
6374
8703
6970
4883
3181
3195
404
7912
1964
5652
1733
3666
8976
9014
6237
2549
7666
5041
4868
8525
8437
9804
4663
7706
4266
4632
4229
4384
7065
4678
9924
1431
3143
5776
5357
3555
3140
9293
5988
6709
6188
3917
8285
3102
62
7141
8407
3770
9322
1511
9564
9824
7958
497
4285
3774
7463
5463
6723
8682
9402
9550
3952
1809
648
9078
3096
7142
8491
2837
6991
6935
4196
5260
3384
2272
6883
6443
3575
5567
8345
5828
3793
3548
1144
4532
1578
1837
8738
8301
7440
7034
2713
8713
792
7889
8330
3027
5901
611
7616
3612
460
9109
7567
8408
6155
6126
114
2090
6333
6104
2731
8612
4846
271
9148
2841
358
1118
4591
9667
7278
4405
9801
6925
3151
7024
347
4664
6530
1004
1411
6454
4703
5640
8815
4702
6569
7141
8838
1359
4455
1016
4881
7563
8532
9044
1600
1179
5356
1742
8114
6213
2572
9965
3497
853
9719
9608
8033
3116
4049
1583
1623
4425
6415
7204
9003
2258
6795
8389
4562
2135
2404
4402
6603
7023
6100
5625
3399
6145
5846
8775
2217
1251
2130
710
6951
8308
5619
2889
91
7168
851
815
2112
5028
5760
248
6832
7454
4501
6097
4727
8082
4593
2593
2571
7260
5935
1680
5534
5126
7114
7491
9872
8391
4942
3357
5736
3791
6211
7245
7246
5209
3951
3626
3933
9587
1028
2381
6617
1549
752
3561
3580
2768
2214
9890
5372
5770
1588
442
6886
7357
7354
3590
8249
2449
882
7583
5052
2481
590
592
4851
3856
1898
237
3722
9927
836
8675
6275
1852
2169
9039
7493
3694
7477
753
4120
2563
8586
7962
6561
8650
3905
9217
8060
1333
2838
715
4759
1699
7590
4342
5301
8541
9857
268
5551
5482
2931
7804
5783
7912
6014
3243
5474
4516
8471
2122
7488
6987
3350
2190
3603
4052
1313
5289
6584
7462
7791
4541
5604
9632
6406
1743
9614
3197
4235
8406
8327
5591
1547
834
3178
1351
5934
4804
9521
4773
7836
7030
2555
9858
1968
5202
9088
9246
7954
8093
3964
7645
6116
8897
7502
9129
3880
3488
4089
9554
9910
3900
5384
4750
5335
5051
3771
367
6805
6613
6953
5976
5846
4933
5623
5613
9882
4726
9334
828
3053
5803
2985
8056
886
6376
5200
6466
5454
1175
5625
7696
1315
618
3062
8781
5224
7888
9920
3881
5307
8897
7861
9056
1641
2180
2019
9117
9333
6855
9777
5032
3918
5144
8590
6170
7139
8723
325
5167
360
8480
9325
4418
6758
9768
4525
114
7436
5746
9413
4586
9858
8429
5416
8796
9530
5985
4450
9792
8182
2579
1058
668
1871
7366
3383
7513
5538
6306
2371
562
8052
6879
6076
346
4834
6801
8851
2275
1105
787
4807
4697
2853
3425
937
7955
1674
7717
5650
3310
9328
9983
5060
4338
5864
1541
3946
6710
4576
6193
7787
300
3278
3568
9652
4800
1578
381
4191
6678
3296
2776
2393
96
8482
1091
3518
6886
6453
341
1553
4169
1476
1500
1493
2414
7164
5746
8372
1398
2061
5784
5205
5637
668
8069
4340
6638
1437
8354
4004
2163
9308
6002
9754
1066
3519
7434
5309
8346
4547
6572
3928
8374
2175
9088
3766
5539
8103
404
3132
7317
4240
1014
448
8337
8205
387
2096
2737
3109
1821
893
8126
1346
9139
1206
6882
463
8179
8506
8088
739
1103
4918
481
5350
5656
3001
2905
1034
9383
9098
588
6862
2163
2960
3878
8135
366
5274
7509
8755
4056
4286
6505
9986
2051
1593
3566
281
6156
6066
7546
7415
4322
3509
4134
7830
2563
8847
9092
5456
9987
2731
3416
7244
4231
8506
6101
2035
4719
7171
5313
1918
3581
4543
9309
7348
3607
2370
976
2959
4099
5103
8010
6807
1314
9728
2917
466
2210
1492
9289
7841
7277
4522
2866
6730
6036
2323
9868
750
9910
2440
8939
8771
6704
2734
9087
4701
5097
8718
1009
9297
7362
7519
2736
7661
7798
4409
6921
830
4948
9010
5825
4156
865
2899
4288
2597
2613
5697
3388
9061
741
9055
9471
3377
6098
2154
4167
2888
9369
5338
484
8424
4803
3494
9663
9826
1129
8736
5482
5667
5816
1721
9606
8138
855
2685
4334
3075
9465
8706
8468
7556
7152
7192
6275
7703
9962
2608
4292
8489
7112
3866
4846
8628
1572
4956
1443
2619
3086
388
5066
5399
5811
2367
707
5430
7353
410
1558
3454
2649
5410
4000
5667
8666
7094
7647
7714
343
7550
7155
5204
2122
6659
3528
8604
9503
9147
9425
8107
5942
4468
3414
6702
1738
19
5709
5313
1737
6773
1281
3001
1627
4418
5909
5894
5092
947
2643
6172
5338
8378
2084
9252
3792
7320
2891
6539
4305
5192
690
3677
6327
8262
6268
8086
210
3026
1719
6474
3656
190
5122
8742
4266
5725
5763
7832
8970
4058
5515
7880
7384
5143
8596
8398
3787
6058
2129
5805
3741
5355
5796
3253
4449
4012
9429
7992
1899
9773
2409
2627
8039
9418
6586
1194
7548
7518
671
7820
7059
2580
3048
6692
2661
7438
6686
5517
7747
774
6205
4270
3365
7620
5076
3707
3924
9357
9782
9876
8035
9089
5608
8309
5910
450
2091
7593
888
5062
7778
2199
4410
2682
753
9970
3924
6190
1475
9263
9260
1507
5521
5080
6702
7819
6883
5356
3849
2631
5081
3904
4576
7179
552
1677
6402
5357
4947
9635
7290
7764
5657
7556
1492
3442
1888
1466
4547
5706
9456
6629
2383
494
995
3873
9591
3235
8698
4758
8961
9656
2403
3987
4368
5568
404
3336
9934
7923
9824
4562
5133
9622
4418
8702
7587
8889
1299
8820
925
423
4661
4944
6828
4203
4918
7353
8286
4145
2259
7542
2099
3299
3400
2089
35
6366
6726
5266
7001
3990
8998
5468
5838
8053
4358
5563
2594
9126
2658
4907
2001
3048
2490
5343
6210
5408
6411
6952
4743
3615
6573
9528
9741
1031
3107
7753
1777
5388
8937
1124
1942
9365
178
2346
5713
1847
0
8067
8118
2951
7416
2438
9544
2160
4420
5662
615
4166
3340
1595
4483
9096
6771
1379
1037
6913
1484
4395
2943
4259
2275
1347
6140
2646
981
2973
4826
3319
3311
420
8932
8586
8375
4588
5404
317
2525
2417
6089
1588
7647
5715
8626
4469
2240
5462
786
4568
9772
8338
5892
2816
6054
7148
3108
5445
7081
3383
3042
7193
9745
8663
7979
1844
8045
6281
4076
9334
6633
2550
9465
8320
1580
9012
222
6029
3000
6619
5433
6221
708
6439
210
7650
6636
8212
7064
6003
3427
9275
1644
2307
1110
1404
1268
4437
4461
7863
7796
5450
5994
3296
1711
8778
8613
7713
8414
5748
7453
4030
2317
2984
7430
4462
1400
723
265
5589
9710
5461
2815
5420
6445
8559
2150
9670
4479
9216
2931
5474
3555
2766
3323
55
6718
7052
4858
5243
9868
3459
1730
1521
5570
7558
9829
8352
3212
8526
8754
299
4682
6126
4703
2313
702
7158
4264
8635
4675
6704
1561
2445
9422
1484
4258
4485
4301
3113
6432
4734
1085
1184
2151
7560
197
1254
8785
7399
7215
9526
1443
5749
4311
7810
4983
5948
455
2959
2710
5843
5928
923
8175
4108
5226
8477
5127
387
9998
1367
9367
1058
6547
704
6169
6020
5704
8826
7703
4160
1281
8232
6309
304
1181
8302
3810
6247
5218
8800
3783
5970
827
8545
1761
5363
9487
6635
5961
6985
2094
2512
3905
4517
3002
5456
7099
9141
597
2560
895
712
9613
8550
836
3765
5266
8286
5076
2469
9441
9669
1425
7212
9443
9862
4123
9846
7073
1551
1255
8380
9138
6498
2307
2026
3061
2621
9405
1528
6819
9686
777
5144
824
1914
8950
2395
9034
1858
7237
5524
7031
374
5649
269
2521
6914
7730
4116
9521
6477
3762
873
8824
903
180
4811
8492
1985
8446
7714
7023
3155
3353
7541
3148
7390
9487
8479
9744
4100
6035
8917
3480
1838
6993
6410
8528
9679
9592
2024
8970
2337
5207
4391
9456
5737
265
4818
2990
918
3432
1295
2513
6760
5835
974
6138
2077
824
6680
8522
3985
8139
9947
9957
8704
8092
9376
6485
9640
9055
6210
8879
5777
641
6513
3585
9388
6035
8457
4037
4145
9054
8578
8191
428
107
5719
8132
833
2390
2208
6866
8967
2415
9782
1168
3517
5127
1422
971
2294
3911
2285
1402
7143
3075
1706
8511
6254
240
726
8260
5694
9211
5090
4535
2748
9526
1148
3458
6338
1405
9028
7076
4537
3111
2230
4321
9306
7749
5961
283
7308
7853
9124
1368
3554
9387
130
8175
9702
4693
3583
7346
4531
1505
9686
8260
4360
2822
460
7092
1426
4347
6084
740
2930
5279
4962
7595
5719
7950
5396
1826
4904
2820
4184
5912
2451
9033
4317
34
3805
3710
3136
8138
8457
8130
2390
2225
4977
5013
7013
8894
3626
4393
8029
4864
96
5878
9181
9000
9796
3316
9697
8174
4803
4568
3255
8813
1754
5861
9228
2022
1714
3756
7616
1449
6142
8455
8150
3221
9237
3602
2087
9099
3099
3923
3547
2454
2151
5160
5007
5174
7367
4474
736
284
8710
489
7280
1633
5764
518
3307
206
5654
1668
4936
8748
3679
417
5576
1554
4721
3753
4991
4498
7549
31
4964
6625
3381
7074
2709
8612
9888
9689
314
7417
3044
1422
7052
1618
954
8711
6402
5416
2087
2840
9065
5917
3627
7943
4068
2368
7565
6584
7972
732
4407
1570
5302
2932
6799
9003
848
5413
24
3575
2385
7096
5278
75
3778
4065
5601
8395
7695
9283
5908
2799
836
6193
2157
1124
8638
5314
4154
3703
3191
1343
243
7910
8809
666
6158
3652
8161
4200
5303
12
7663
9852
9302
1478
1613
3085
2707
8134
9047
6677
4899
1543
2377
9801
5898
6754
4221
7562
8606
7193
6577
7997
3160
9151
2841
6408
6989
6309
7560
9356
2268
4201
5073
6474
9821
4127
6081
4680
9329
8245
8933
7394
3272
4748
582
3323
6866
9935
2779
1794
7415
1816
3792
9293
9197
194
7443
3952
8344
3679
642
2901
5091
4302
390
4608
7422
4679
3815
1881
3679
3420
3380
7504
3356
4209
2279
5702
6220
3778
6118
3006
9940
5033
3045
5237
8303
1517
199
2796
2873
2034
9879
6629
5561
6799
6593
7788
9089
6434
8711
3177
6723
2806
3150
6316
9324
1185
2513
9447
9747
4593
9673
2792
8181
381
5122
5031
232
8570
1525
6066
2152
8196
8711
6961
5795
2187
3935
8898
1907
8832
798
7778
5908
6449
5678
7525
2333
3308
3982
9556
5814
2937
4271
4591
7866
2720
7049
2671
7735
2790
5895
2585
2629
9816
9033
6248
5190
5280
5421
3425
2441
6643
9314
5545
789
5214
2890
4526
1665
5844
5314
589
4262
673
9453
1826
7535
9641
6907
9895
7264
5926
1543
5600
2203
5889
3403
8547
6426
6276
3106
8856
1754
5699
2043
469
2566
9246
5649
819
7101
5179
8482
3794
5202
6818
7410
5861
2492
1246
3040
3994
7480
9872
7986
7702
4442
8379
4154
2773
7727
8105
8636
4337
8257
984
7879
3298
3615
1183
4348
5477
6512
7989
3910
6622
711
7246
532
9749
2752
1667
3422
3597
1303
5101
7074
7146
3287
3056
1848
569
9804
9381
770
9262
1528
2297
6446
9303
1074
9822
6584
9495
4696
3727
2598
2919
7421
6673
8257
3696
6004
501
4544
261
1604
6659
9713
6568
680
5757
5923
10
1958
7828
5485
6523
5095
1258
8494
5262
1477
5325
3735
3548
5914
4947
7912
9240
5878
3183
8200
1450
6084
6985
6134
7228
9233
1016
3328
8780
2919
9353
7207
9148
3061
6690
4379
4231
3810
3805
5355
9114
6626
4507
847
170
5746
9218
2573
4565
8424
2883
4842
6726
8223
972
3717
4213
8971
6090
1648
6102
5913
4987
8427
5038
125
1168
8106
5813
7031
1082
3033
8107
2645
6202
531
8559
1573
3464
8928
6402
2099
935
4633
5205
7925
9037
9746
678
1960
8769
3104
1890
2272
5311
3245
3377
5666
6793
9045
4764
621
9937
3182
3798
411
1841
7142
2935
7817
3439
6804
9817
7720
7900
2948
644
8614
784
7698
9358
9446
3596
1196
6865
7771
9583
4181
977
7533
8152
3797
8093
959
3304
6621
3481
4685
6025
311
7894
3044
7403
6803
4255
9800
7806
7268
6830
4398
9621
8774
5205
2743
6578
6494
3224
7215
7523
3389
1623
5076
8335
1710
8189
9469
9546
5863
7269
1376
3645
910
3895
3599
7403
5882
299
1044
4699
6094
7215
1012
8673
3757
7289
1613
7927
2661
5885
3256
6079
6532
2370
864
7933
475
1398
9626
175
6725
2525
4563
4177
5852
4425
510
6258
3798
5948
5420
9815
877
9955
5368
4173
4670
1649
5040
1701
5675
1943
2902
7747
7176
6393
6496
1604
6896
1617
2823
7763
668
3300
157
4556
664
8432
4897
1801
3591
5694
5289
3814
771
4529
7267
1412
6006
6355
3794
5843
6155
6298
4206
4657
8856
486
2437
4155
9588
7018
7237
4890
8691
6316
5914
9767
9214
1039
9922
908
5945
2801
1119
174
2180
939
2240
3669
1802
3288
4452
7144
504
7928
5554
488
2174
8889
4256
2637
6688
7142
2063
2586
7385
8754
4027
3899
554
6041
3153
8408
3412
3919
3959
6462
9671
1788
9710
998
800
808
561
7615
4785
3624
8741
7029
9359
6224
640
5846
3518
1450
1659
6908
9421
7743
9362
7568
8074
8061
7063
3256
7771
1841
3714
2613
2210
5378
6813
8241
1248
9242
5998
5637
745
8576
6742
5706
9689
8809
1040
1052
2841
1984
2696
7669
6383
498
9855
233
7609
9527
4637
1685
9720
326
5137
7770
7928
2518
6077
2804
3731
4395
2773
7670
9340
1478
1709
7063
7251
6029
9287
4809
1894
5390
8041
9675
1215
3362
6579
9973
3487
2760
3837
4960
6106
5160
6650
2683
7144
5565
6106
363
3421
1047
7382
5066
5811
4936
6396
8364
9526
6034
5441
7418
1812
235
6743
2939
4535
3336
4601
3382
5725
8349
8325
8663
6182
1669
4703
6667
5117
5041
7483
6387
6302
7486
8836
9591
8145
5697
1067
3330
5454
2949
740
3626
5710
1861
586
6913
8285
7890
1302
1180
2349
9794
2283
3787
1856
7825
9649
67
8373
7477
2656
8914
6833
2935
4352
3462
798
882
8232
4862
3163
714
9478
4887
8689
1288
1517
3323
590
5740
2245
6179
1071
3501
965
9189
8127
396
1500
107
4375
3008
4272
1899
5159
2792
1453
1327
249
516
1920
8220
8311
4872
7300
6295
8836
9284
7417
4112
2542
3682
4315
606
8215
30
6096
6590
5349
716
628
6556
5068
2444
472
4808
8374
2864
425
9735
5106
6066
1780
4815
8734
3679
4536
8222
3659
4321
848
982
6774
1402
9500
7775
2987
6537
4640
2850
6658
8641
8006
3708
2337
385
8198
8378
5495
5683
1486
9806
2557
3067
1857
938
2291
5462
9227
4550
8783
8199
7040
4058
6720
6758
4817
4693
9025
3883
1505
5401
6015
3161
7508
270
1935
4521
891
5861
3335
9452
4398
7341
5818
4459
7555
775
8132
5692
7747
4099
8757
3908
6192
260
8904
1741
4480
4652
9518
9999
3200
2635
3037
3848
6737
9067
9360
2870
486
5122
3408
4522
5616
3779
6248
7119
8381
9835
1684
757
7790
9320
4529
1089
4043
7099
359
1858
1408
9371
113
9192
1885
4025
4019
911
1540
7112
3639
7898
9314
2391
1641
2811
5315
7863
4401
2157
1438
2365
4061
2886
4180
3936
2174
4376
8161
6288
19
4583
9058
7406
2469
5520
7238
4638
1243
2559
6178
1707
8322
810
4343
6874
1638
9629
9559
1120
4728
3288
9113
5293
4570
1688
9701
5635
4916
8476
7123
6207
4940
3522
2399
1546
8222
980
6873
8665
2465
1490
8958
8050
9399
4565
4372
397
4739
3450
7132
2648
7575
6984
87
9558
1976
4062
8769
5851
9758
7034
2260
2922
4411
7769
8939
375
9506
5080
6925
6402
1827
9006
3524
5464
656
9517
7586
382
4165
5195
5427
8597
1532
158
4867
8361
4834
1708
4990
9643
13
1559
7908
2523
8302
225
2462
7279
3953
1900
3204
7503
3466
6256
6349
621
5612
5479
5099
6543
7717
6222
1239
1359
5626
1787
4521
480
2018
3678
6271
6978
2614
5054
2061
9769
5994
9402
7604
3963
4392
4403
4950
5933
252
3994
5445
8088
3051
6374
8527
8590
5295
7626
6607
7637
9236
8117
7105
6357
9722
3290
9241
6151
7195
7531
1078
372
7459
8463
7899
9605
5798
4506
5458
4417
3849
4705
4416
3251
109
9233
2925
8119
9474
4779
7052
4657
2796
5025
3555
3913
5878
3371
3898
9225
6113
1214
1036
5158
7327
8769
9215
8606
3833
3980
7130
5057
2010
5407
8614
2906
8463
1588
4693
4495
2907
9905
3476
8563
7922
4147
800
5494
6377
996
3212
5114
2565
5940
1428
5545
4148
300
7548
6377
5754
7801
849
797
9339
3081
7676
8903
1323
5005
5283
3157
9973
4891
7922
2560
6289
8552
7088
1034
6412
566
6672
5953
6372
2330
9796
112
3665
4234
5690
4823
8396
3037
5770
9005
5006
2070
3932
517
5426
9388
6333
1868
9879
3561
5076
2353
5196
3691
580
7691
4856
8263
2510
5616
3822
1047
2839
9738
4386
5853
9032
8249
4267
2706
5686
9969
6631
2934
968
8533
303
2012
4675
5645
5518
6823
3738
161
1598
634
896
9275
6697
1336
387
9920
462
4524
1717
6650
6026
2274
8335
6284
5128
4653
6592
5917
3273
3108
7249
5368
2130
7225
6156
1346
4419
7167
7247
7014
3334
7023
2938
8257
8218
4668
5756
9517
4497
1760
6935
908
9875
9513
6285
8372
41
8221
6557
5223
9364
6162
1150
3568
8303
7781
9989
7352
3906
6191
3456
8871
7880
3552
4571
9198
2834
8922
7528
2822
3575
4338
6529
8045
6587
2874
2997
4243
982
1124
2122
1785
3430
7607
257
1995
9402
7198
6459
6966
3898
3618
7056
4629
7721
8142
7096
4306
1907
6598
4981
7549
8243
4641
6847
8251
4291
555
2664
3546
5031
3615
2938
5126
8358
5823
6878
6006
8551
5461
2288
7700
1228
8642
141
1897
4602
883
7234
9971
824
9641
6426
9358
1427
3249
4856
6389
6620
5589
204
963
9409
216
8339
3717
6210
3656
6381
7665
5130
9955
1296
7423
1257
8899
3069
9156
9309
5242
2456
451
2083
1235
4668
5814
4996
3475
5158
7750
9732
3422
1120
537
3928
2063
4395
1730
1295
8316
4697
1819
7648
848
9834
8595
2286
5204
1607
3069
2349
7304
5342
3526
1579
7490
70
3545
6396
7894
5978
373
9704
1353
8882
7767
9207
6254
2041
3269
4325
5338
6282
8899
3728
4361
5922
8891
8596
3656
7544
91
1359
3728
1983
3672
7817
1755
7914
8982
4972
9124
5814
673
7981
5378
2889
1651
1986
368
1649
3450
3038
8100
8006
735
3562
3811
5657
1885
1678
5547
188
7850
9981
6295
8861
7314
1127
235
5677
2817
6633
4611
3577
8626
1010
9887
8065
5590
8677
2919
9652
5542
9941
7692
7535
3220
7379
3174
4694
4380
9861
4728
5615
3808
2634
2477
7289
5520
2223
2577
8681
8836
3150
5868
6357
21
8347
586
5248
3386
1565
8180
362
8236
7169
2296
4415
6313
945
7487
1348
126
2248
448
9337
6471
1848
323
263
4235
7111
6260
4149
3162
6760
6851
2660
2729
98
9667
2605
3306
2684
9815
1845
2980
5878
1736
7017
9007
65
8024
9651
8471
2363
9037
3085
5837
3662
9853
424
2745
4736
7844
5112
3088
5734
2536
1212
3776
3089
4777
6402
368
8273
9469
2985
7041
9250
5561
8994
4792
5338
1837
2273
2919
6064
9773
2198
9773
3710
3230
8140
3063
1348
7016
6853
4591
84
4053
5275
2969
9909
8290
6935
5599
4461
7087
337
2390
7307
1585
6774
2905
4932
3123
1901
7959
2027
3220
599
6936
1498
7450
5337
4508
6084
6941
8281
17
5835
3563
2388
6179
9479
3801
6836
1112
9114
7196
5896
1327
8492
528
2464
5701
3331
332
4372
3021
3533
8211
1046
5126
1903
6973
8818
4274
4260
6894
7242
3478
1199
3376
7133
9446
8207
7629
7723
6447
2717
7326
1273
2355
9955
6455
6507
3343
3825
6273
1692
8734
4929
5981
7454
1645
4578
1614
7630
3613
8030
7966
8643
5755
3261
9360
4658
6839
333
4098
745
5221
5267
8287
7195
155
7507
3520
4655
6466
4036
3
3972
8138
2572
6001
6152
6522
5215
4973
5081
8524
9883
903
836
6845
7703
5460
8282
9724
9930
5257
1234
3672
6704
1
3282
7419
7004
6051
6142
294
7092
1333
9284
3327
8684
3850
1183
5685
7433
9073
8418
6289
3923
5926
9023
9877
1444
6521
2430
6310
3941
3939
1599
9261
972
2564
5868
1396
4269
8970
9575
2936
3263
5391
5222
8143
4003
3259
2135
2582
6147
6976
4680
8635
2795
6574
1208
7833
160
9364
7249
6551
6579
4636
5167
1541
6031
343
44
252
3392
8489
1627
5373
3332
6918
1561
8533
2180
1793
8051
5612
5908
4713
8903
631
3298
7503
1005
4259
741
5501
192
6754
2538
379
2480
1044
7492
4743
7837
4518
5691
4790
3237
3611
1297
4051
3197
3486
1544
553
7659
3972
6177
8723
1947
5432
4722
8458
7388
4490
797
3292
9904
9450
49
4623
1042
7700
2722
9803
6525
3459
6186
3849
255
8876
6226
4693
161
1036
4245
4073
7647
1438
1035
7963
3479
3787
9035
8091
1916
4369
1117
1579
4173
4816
3756
205
5393
1456
2813
9251
425
8540
8958
9705
585
8662
3903
6730
1760
9279
5437
6195
9236
7377
2657
4724
9930
1811
416
3644
3853
407
4390
7055
4358
2878
4557
910
9478
6965
8403
4488
2226
326
4191
2365
4750
7602
2712
5670
7793
585
1504
7501
5891
2214
1928
2173
3269
9766
3145
6747
2547
7251
8993
6856
2108
6954
6208
8766
1939
3434
8762
9940
4386
9883
6387
5475
1848
334
3816
8101
7586
9746
6981
9157
3122
8730
8430
6765
5522
5116
5006
320
6745
6513
4927
7588
8545
399
3016
759
2546
9174
608
8695
7793
3627
3587
1304
3613
3032
1419
454
5147
5810
4397
8954
9770
7892
2469
5201
3562
4286
630
6485
5754
678
6692
7347
7652
2480
5296
3062
7795
1671
1474
2544
577
2790
6037
2300
6426
1616
9509
4829
2551
3030
7612
3727
3471
2572
4499
3593
4888
1793
3381
1196
5603
7154
3015
7021
9104
4383
3272
6366
266
9878
7414
2767
4921
690
9242
9802
8726
9104
9384
218
5637
4117
522
1186
7998
6483
4734
201
8695
8550
5610
176
8911
8654
7472
2780
1738
7492
3087
1488
6091
8480
3500
9151
8535
2574
2478
9547
4635
8689
5785
5904
6580
4740
7233
4673
4255
5798
2253
769
5195
7624
3804
1362
8035
6108
420
7294
3616
7522
3496
4677
6236
6600
1717
2281
365
1274
9411
9774
5703
9027
3959
8794
8722
2514
761
6789
5361
3637
4867
4821
5142
7548
90
8393
113
4236
7175
1422
3796
4846
7778
4331
1182
7231
7007
6297
4846
3278
8724
7359
1769
3105
6896
2963
3259
71
6106
5409
8550
6424
4637
8013
9359
393
4535
9566
2818
2024
7815
6374
1294
5429
5561
6179
3122
9547
5168
5064
4700
5517
1484
7961
2689
4166
8058
9993
9189
7280
5476
8251
1571
2567
1635
2260
5527
4654
521
9723
277
6470
3865
8474
6183
2397
6101
7797
1566
3373
7318
4049
2470
9344
923
9281
2105
7430
818
9187
1968
5840
8675
5205
1967
3616
4643
212
4049
9190
6504
6951
766
8940
3611
57
6760
5654
276
8723
1106
5635
9545
4147
8761
4724
2144
4537
1353
6179
2939
4028
66
9209
8922
5452
4015
9819
688
4421
7987
8098
4281
9769
4819
5259
7262
5623
969
4643
2684
7314
5317
3796
7039
1371
5017
841
8135
7142
9185
3969
4813
2595
9894
7570
9407
5238
900
577
5121
4123
4133
4509
7151
6014
8842
4051
6549
5217
235
4409
9909
8753
8383
3058
70
4635
994
7923
9465
5785
3752
48
6560
8244
4203
3276
9294
8803
1563
7394
3678
1284
4283
416
3928
5570
7735
1910
6661
5171
8781
5556
6173
2873
1259
625
9207
8762
9958
7390
6503
8176
9756
6652
9980
9629
8624
8360
4867
9539
4249
7579
3565
7638
8520
4187
9546
7345
8603
2178
8050
6751
3508
3385
4207
6283
4789
7965
3021
8402
5818
474
8556
2863
6235
9049
9111
9669
68
8526
6091
1150
6266
349
2802
1341
8631
4298
7842
9233
3793
4551
9035
4291
8042
8686
1191
5922
197
2079
9726
8863
9365
6812
8665
4807
8088
4742
1955
2273
5729
337
6158
6953
3871
2033
573
121
5614
2953
6243
2438
6363
5208
2411
5948
975
9938
4778
6677
5903
9542
3096
2585
9181
6727
4640
521
5826
372
3641
1626
8798
9032
7601
2845
5371
4191
4276
9225
5127
7950
4977
1817
6931
664
7173
2
5107
9328
6300
4935
7522
6763
1157
6170
279
4209
2984
1569
2248
3068
7598
3398
1819
705
4978
1963
8787
5589
3768
9859
1138
5371
5763
1903
6151
2538
6370
2407
9144
6583
9317
8259
5170
2356
3570
3872
6704
8534
4215
8500
7553
4209
7977
2200
4413
5127
2213
1492
5208
5500
348
1475
66
7064
8814
9531
8005
636
5664
5267
2829
7823
1510
6584
8956
5394
5296
8169
3283
708
4383
4158
129
9167
1893
5595
6751
5902
1639
2366
5675
8108
9529
5143
2521
1461
9266
1960
5551
3529
4241
5478
5532
4000
4196
2733
5726
4013
485
6724
4222
8909
6432
643
3569
5815
1376
2982
8561
2111
708
1577
1014
8471
3621
5746
5528
4593
4461
5151
7138
1728
8246
8303
8875
6085
9028
8677
8858
1170
4852
7274
8696
845
1491
2377
5054
4892
2168
8307
9377
726
7884
9881
8684
5546
9706
7827
5421
6900
8132
2186
2680
5020
5695
4644
3046
3480
6079
6235
2448
3463
1920
3491
6266
2529
8058
4344
763
4454
4711
517
6557
7765
4285
2790
4375
4342
7500
891
5808
5438
4131
6604
3815
5431
1849
9414
7793
7904
4426
8162
4478
5500
3544
5194
4494
7821
3531
4567
8491
2744
1299
3564
5441
5418
4324
7927
6869
9828
5690
484
5777
4148
4363
9974
6395
8004
7642
7526
5506
5744
4615
4477
2928
8841
3556
215
1215
4243
6832
5229
9617
7655
3131
9805
1362
3750
4425
357
9640
8270
5022
7701
7657
3602
2225
1152
8360
4911
4132
7310
9794
932
1251
7653
5032
1102
6692
4258
9699
1396
3528
5529
907
7296
9576
86
7649
786
3595
7220
2034
8704
9015
5081
1073
8287
184
2233
8805
3434
6619
1269
7307
7581
1442
7089
7218
6508
6992
8923
7839
6463
6605
1703
2484
3052
9207
9433
1314
2211
4051
1734
7219
6037
7883
9332
9433
5386
7701
4421
2122
1982
1868
8149
1314
6295
4095
9176
2369
3802
5267
7341
9375
2814
3162
4457
4513
6458
552
2300
321
7751
9982
737
2584
3653
8723
5883
5951
4025
6039
3180
4883
7858
7605
2353
6091
4059
2153
8282
5735
6665
4073
9000
9270
1905
8246
632
4445
3280
5245
5969
1101
6562
9614
8505
1595
5155
6966
665
9440
6067
9003
3538
8520
4770
9795
590
4915
7143
3411
5893
3054
7728
8049
3987
366
9619
7616
2061
3527
3877
2424
6604
4963
5866
1221
4224
8188
8427
1279
8581
1413
4724
293
1439
7324
6150
9171
7075
1999
5863
9182
9757
8122
5194
4468
8694
6277
9007
8641
393
4789
917
6665
8093
9075
3067
3571
1235
1027
31
1025
3623
8419
916
848
3716
3902
803
9727
1477
4281
8678
1563
6861
5937
7122
651
3995
2040
7864
2886
7302
8282
3704
6636
9790
2952
2975
6728
23
8700
8873
4079
5248
4629
7310
3979
9361
5189
9897
6572
5704
5056
1670
4807
7554
7747
3704
455
8283
5079
3806
8241
7313
1194
9896
563
9072
5686
4767
6047
7193
405
6723
6226
4830
0
8948
3417
168
3198
7874
645
2043
4693
3672
8665
8400
3257
6644
1218
2556
2107
7953
533
5487
808
533
7949
6558
3551
175
8922
5805
7936
5817
1051
7236
9273
276
2575
5353
1674
3689
2415
2710
3721
3776
3441
9732
980
1775
1963
8781
620
7229
5830
5361
3040
4702
123
1443
838
4737
7749
4230
4251
1398
3568
4797
7981
2963
6366
195
7437
5526
5074
1144
6762
8618
9972
6065
172
8904
3430
8314
12
7836
7621
8030
2839
7876
8482
8881
9688
7226
6609
6237
6465
6229
5145
7526
4483
1341
183
9818
7659
9356
5015
9704
9411
787
6749
8449
8892
3499
9321
7712
5136
8188
991
5796
4012
1203
1289
5573
6723
7145
5872
5062
2136
4389
4866
4642
8567
3456
4275
6515
1748
6562
5978
9628
713
9211
984
4458
9025
7476
7707
3735
8807
2901
2218
2355
4399
7047
6584
897
7125
4304
3993
9861
1263
9862
4228
8157
9660
1038
8069
8210
2953
1486
3813
9840
5561
1007
755
2136
1079
3129
3950
2054
6451
9538
1975
8800
5990
5039
1171
4797
8396
5941
6559
9960
5515
2313
3397
712
1987
9703
3239
9285
9168
9905
1279
5420
5605
1951
648
9090
8615
5869
37
7400
3524
4260
3288
3626
6073
4969
9130
5600
6483
9739
3748
8390
2903
6600
4342
7067
373
1626
1881
8824
8971
9686
1976
7496
8996
1150
7665
9837
2329
4774
5384
5554
5021
1640
4872
7173
6014
4913
3621
2550
4304
2583
6870
8332
4496
7198
3763
300
7023
431
9980
9597
6976
3141
3019
8725
782
8127
8685
3542
5740
2599
5115
9468
9645
4638
9807
4330
9495
4909
6472
7702
6866
6214
8506
6929
2596
6152
9677
2564
1766
1101
7058
3568
1083
9014
9446
2096
1917
5064
7913
2453
2423
1760
5927
2131
2416
9072
9209
2368
6659
3071
1735
7862
9728
2261
2400
6377
7038
624
5771
8679
4751
8221
7468
3133
889
554
176
5163
6518
5753
2709
7317
7527
5562
3782
2658
3241
4774
6045
3395
9802
9487
5807
8370
7443
227
2601
8942
1481
49
263
5417
4609
5380
6474
263
7335
515
4415
6255
2285
4160
5990
8121
8252
7895
5674
8120
9156
508
3984
6583
9755
7756
6106
9893
6281
2043
9837
3173
8552
989
4556
98
448
7076
4948
1086
8418
9814
6509
7047
4926
3968
6963
6674
2491
4876
2640
4331
2963
9274
2575
8864
3930
6308
2197
7850
9490
2839
2451
7972
1000
4770
9685
4761
509
5830
4445
5542
1665
1441
2174
3329
1149
6362
8373
4149
2900
9081
9334
6960
6506
9081
5488
3082
9183
3407
1400
2742
5163
520
4388
3081
6844
4498
8776
5285
9013
1328
3644
4200
1319
9093
9832
8874
6198
5724
6193
9137
1945
6599
3012
5074
9791
8614
5214
2410
7425
3675
1353
6139
3664
5804
4467
5231
5788
4984
57
6196
3324
5912
6784
5007
5342
8936
4695
1164
806
4879
9835
8821
5460
9975
5678
1638
265
6191
1177
5638
6442
4235
8213
7296
2581
2131
2993
8851
5780
8110
4530
8341
6635
4142
2249
4585
6423
8990
8707
3707
6798
4776
5791
5976
5643
6355
6992
100
9338
3522
9714
8623
4701
6728
356
3383
8233
8163
614
5325
6031
339
2903
6232
7491
5196
6201
9969
3384
9356
3432
4153
9631
9439
7266
8348
2699
2755
8362
4055
2785
5846
6233
7490
9084
8139
1137
530
2323
8564
9732
7747
5576
449
5311
6408
4741
2948
4576
5502
5030
6432
2695
4506
3592
1045
657
7827
4505
7161
707
603
823
1011
8991
7390
720
6332
8091
7337
9661
3727
4306
8271
6261
3027
613
7009
2468
5312
1098
820
363
9031
3415
9596
4082
2876
8347
2252
713
3119
8130
8492
4906
8946
2478
7886
411
9026
3378
1746
5813
3258
6119
5097
7544
9722
5269
5922
1919
3720
6961
7549
842
3859
650
5323
658
8729
8642
431
6997
5092
7823
3392
9297
2074
4363
2396
6433
7823
8473
9426
9514
8330
8639
2664
3883
4007
9690
6521
1285
8942
3397
3659
9399
6606
182
5051
6149
1150
5850
1403
9652
5437
8527
926
2403
9202
9233
5927
524
2765
9003
4506
6360
329
85
9484
4738
5739
7165
3429
5132
9547
3358
9415
5806
6534
9418
9258
8316
1103
3588
4858
2573
1518
2597
3133
4411
8422
7444
7594
1367
4080
3109
3353
1644
6319
8448
7327
7136
9602
6816
7067
3909
5342
2519
4950
1026
4798
6545
8087
8656
7235
7868
7796
8626
3120
2702
4212
2162
4578
137
1395
4188
480
4087
687
7946
6759
2466
9234
4559
469
7009
6417
502
7419
1106
7318
8560
4804
3646
3498
1799
5316
8412
839
1165
6516
3628
9015
6640
6515
2426
3750
1937
4650
3503
4971
8113
3283
2089
3597
1144
7524
3666
6464
3691
4565
5613
9741
1812
1563
43
3238
7754
8444
834
2704
3170
9388
4219
6277
664
4174
925
4997
5962
394
4059
6586
807
7315
455
4695
8533
4106
8269
7800
2417
6546
4376
9393
817
6846
1224
9955
5568
8814
5158
5916
3482
8530
4889
4101
4516
8024
6456
7125
5456
1326
2274
8176
5334
1772
6198
3693
1929
8273
9485
30
6631
5635
6816
9186
7544
2997
677
7684
5691
479
1299
6800
7521
5016
4759
3238
361
4299
5246
7016
3208
544
7847
6572
1309
2893
3169
6647
6964
2157
5071
4904
2727
6969
8410
8202
3945
1566
195
3047
9911
2997
5973
928
2070
293
7092
6203
9999
4986
3930
8411
1000
4328
6337
3761
5129
2549
1912
4751
7839
9325
7487
1788
6205
8968
3624
3846
8414
7378
8932
3188
6041
6950
4155
2068
6118
5144
4577
9994
884
2988
7631
5603
3805
8739
9490
8554
7432
827
4102
7219
4617
7683
102
5535
7290
8003
462
6684
3887
3545
7205
2987
5547
471
3808
9582
5438
2700
1384
7724
1909
667
791
5154
770
8026
5721
3442
4756
5312
9686
4642
8261
6283
9496
8031
6332
7453
5049
7537
6154
3123
877
257
2715
4819
2317
3056
9397
9042
8605
6437
5120
8337
7278
3961
4003
3018
7023
9844
3029
6921
9486
5549
7964
7040
3683
9528
565
4337
711
3566
6323
6715
748
7902
2314
1637
6820
4067
3996
8005
4623
618
2768
3448
2756
9443
6730
9795
3251
3963
8166
7746
4605
8365
9091
7233
5706
1834
1434
2857
7880
6470
8930
8560
3162
8411
1159
9097
7569
5803
8860
8815
9216
311
858
8134
9192
5623
1114
6406
6715
943
4751
6902
4394
6315
8257
426
1737
8094
4551
4050
7160
3536
9635
1768
7265
436
9185
1174
3508
8672
6596
1728
1223
8358
8032
8285
9925
6543
3472
7158
8367
6190
5914
9829
8496
8533
9385
2133
2474
8143
885
1026
996
4678
306
4522
7409
9611
8595
9969
9093
2911
9575
6069
9854
977
776
1718
6790
8162
6593
5456
9499
7844
1972
4247
7487
1492
5433
8277
8172
2204
3868
1503
7777
4431
7463
207
2535
2279
8160
550
1354
1606
6424
861
5263
6607
383
5058
859
2980
7495
4113
3288
6128
4364
919
5335
5795
8710
4044
6396
5057
3042
1575
7149
2456
2536
8235
8593
8591
2660
2026
5053
2983
2124
1742
3025
4289
2390
8565
7600
4414
2464
4603
6879
2295
6559
6661
6360
9940
5470
3194
1988
7850
3125
8833
382
6866
1109
2469
5465
1226
9395
2262
9220
2525
2324
6686
5017
9891
4383
2826
4821
1272
9384
5452
1955
879
2439
572
720
965
1346
8766
2441
5646
6141
295
7054
8721
503
1639
2419
6204
9761
7943
1986
4787
1341
9987
467
2838
8730
3048
381
3416
4735
2178
1377
7617
2699
5453
6039
6120
6088
2769
2040
2015
1081
619
587
7610
4523
9914
6861
5125
3528
6666
1302
5820
655
1939
7382
3263
5928
136
3502
3582
9885
1701
9005
9056
7351
4141
1086
1273
6868
4259
4376
4997
2332
1452
9362
352
3988
4376
5243
6959
8031
1582
9012
581
5753
8607
7373
9066
1617
1485
687
150
2171
8216
563
7905
3635
1043
6209
4993
570
5824
1666
5425
7899
8974
3936
8500
2952
2310
6372
7464
5980
2508
1258
5550
5407
3088
2474
9903
2890
1449
3763
674
4614
9189
7600
6077
8775
1143
3308
6625
7851
2516
549
9524
8347
4941
7584
6703
9866
4468
3667
5769
3378
7580
6200
9216
4794
4923
2847
7274
8175
1745
8073
5372
565
987
2451
4573
3746
5870
2707
8435
4035
3810
3151
6853
3473
7543
8917
9479
9168
9657
7733
584
7420
7420
8897
1826
5683
2983
8573
8110
3951
6072
6218
5485
6501
172
6732
233
7106
539
2249
2306
2469
2010
5149
1335
8959
5230
8094
5202
9207
7847
4292
9700
2703
6851
8824
6045
3508
5236
7606
4718
8815
2734
8040
4582
5315
5887
8583
1571
2708
7386
352
9954
2509
7136
698
3294
4110
2465
4974
3907
1642
8494
1750
451
4117
4076
6031
2999
2502
7486
2262
4164
4710
604
4729
7010
8128
5205
8861
3579
3634
5248
681
5763
4362
2176
9069
5784
6163
7040
8095
6089
6540
3542
9100
6208
8172
1415
6596
101
8859
7574
2084
785
5560
9160
7466
7436
6108
9042
8128
6070
7585
7688
6543
5768
4655
8069
2980
527
3768
2179
2444
151
7747
5718
2529
860
9651
9236
4145
1346
1328
264
2206
2761
8215
5994
7429
9084
2002
3506
2025
2483
5569
7329
6999
1902
9551
8177
3909
9458
9979
3072
1060
7612
5885
9218
6966
2581
2155
9892
9732
4085
1930
2239
2299
8648
4339
4594
2968
434
2060
332
4600
5954
8662
7741
9758
3728
7579
9293
4477
9577
7951
1809
3841
9464
8504
4796
2079
877
4674
3122
4806
5896
7107
4892
7634
8532
1698
8082
5822
9908
4553
3245
7263
2136
2682
7103
9044
1951
1714
4711
9705
4828
6516
7657
988
1762
9300
6545
4884
912
6610
6920
7411
76
2986
1740
1902
5818
149
6317
1068
259
2739
9803
6883
4423
2955
8549
2496
2616
9150
4083
4232
762
4714
1051
4328
7834
9342
7396
7583
2456
4046
807
8311
1858
6911
1279
8189
8843
2062
4738
6388
3230
3926
1419
1991
4181
2391
3054
9463
2087
9377
5105
9914
3422
4847
7168
9027
776
2542
4770
2229
2374
147
7977
6594
2029
721
8140
1701
3532
3288
5779
3948
9945
5429
9624
6046
1422
3931
2495
6575
1426
3667
7332
4889
1667
9913
2110
3663
7209
9033
9770
8475
4164
51
3338
1488
3948
9918
8009
830
4786
2731
7654
5810
7845
3456
9817
6388
4622
4273
7672
2555
8888
8082
7514
5214
3869
2697
7307
596
9098
4283
8448
575
6881
3988
8269
8778
1757
4782
5071
9511
4081
4608
6558
7898
2389
2185
7301
577
8421
686
5325
9946
2080
8958
5134
4023
1775
8467
4165
13
7293
4933
7876
1288
1104
9132
5
9203
7525
2662
2466
3143
5147
2766
6227
7653
7299
3711
955
3555
4798
7441
7835
866
1079
5560
8706
4093
8302
4356
3753
3975
4669
3615
5787
4403
9332
3573
4468
8983
8259
5374
3940
3277
380
712
6196
6632
7047
554
4058
5165
8963
1199
378
3316
5338
7041
4864
5354
3643
9703
3350
7115
1831
5744
7040
3843
4641
4501
2312
8616
4028
9977
1953
1434
6745
3576
4447
1988
9259
2431
3584
5785
8805
817
4890
9716
4891
404
2774
8126
7125
3658
8055
7681
7871
513
1582
508
151
8796
1470
8093
4779
905
1853
579
4413
2561
8390
2646
4453
1768
3306
2958
8931
1157
6195
89
3208
9128
4536
7386
2402
314
4053
2348
5717
7211
4484
4883
4596
9479
2009
9085
4632
2261
8641
4747
3083
333
6313
3653
906
9587
9616
1494
9484
7849
8573
622
4384
6702
9975
4670
4932
1678
543
7478
5548
7519
7916
7901
6987
9738
8628
6611
224
4898
8059
3669
2389
9255
6532
7168
4148
6372
2145
2775
5177
2282
7497
9785
4791
1820
9478
6820
5470
2059
7682
3794
6030
6460
8768
6378
2923
847
896
4886
9405
9747
8011
1535
8370
7085
959
9837
3353
5918
6664
7972
4321
4899
6145
1682
6497
4222
7380
1879
2747
7371
5897
455
5944
1079
7280
7797
8676
3587
8321
1770
3380
7480
4305
466
9458
427
5866
3650
2673
4885
8114
4728
5647
4103
7027
8458
69
4209
763
8165
5909
7856
7274
2671
8054
6844
4715
9873
8015
8246
3020
4332
9685
4281
3386
9998
2490
6572
4396
3724
3435
4345
2659
1414
9865
2821
2774
8715
8801
2118
5710
8920
5978
8369
4231
6772
1619
9740
8480
5467
352
5847
8726
3348
7353
6439
882
4299
7618
2807
1745
6147
7204
3446
4971
4087
453
5923
6206
3447
6548
4616
6137
9483
7665
4214
5431
9312
9001
6184
3848
1423
4881
806
735
1902
7181
5512
7418
1394
7632
9706
5766
9122
4942
5872
2928
2489
7776
7577
4676
742
513
7507
7704
6288
8528
1674
250
9592
8329
4933
4809
9089
6212
4474
6375
3788
7012
3030
1601
4577
3871
3324
7484
8618
8673
8387
5233
1321
7987
6598
6010
1634
7735
332
7761
3816
1765
2724
8976
3696
880
402
3615
3890
457
1257
402
2241
9379
2125
5687
4070
2161
4218
2209
3180
7514
4081
1883
6068
9337
1158
5364
6199
4759
6913
6836
9090
7993
8872
9935
8144
3135
845
7313
2658
9624
4382
4815
7970
1727
8599
4212
9562
9686
8884
2128
9195
4519
7823
5154
7191
4695
3448
4012
2065
3206
4501
3990
7405
1479
6902
5239
457
5101
4349
7460
8192
5651
7177
8512
2512
8441
2447
5998
9974
5125
3659
94
917
1747
9042
4981
1352
5070
2180
6535
761
5355
7427
4580
7264
5234
9252
6366
8881
7860
1570
3702
100
4543
4722
7788
7275
4130
5321
6656
6794
6111
4383
6203
8024
8573
7007
4213
4488
3429
6032
8174
3747
3451
7158
6796
5775
4698
4976
8094
5714
2830
4674
4977
6078
5973
2224
4010
5051
5859
6563
5821
6801
663
8016
6026
4213
488
7160
1338
9519
62
3786
5137
9628
7960
9131
446
3712
5684
2638
4159
8068
1411
5815
7488
2117
3168
3578
9475
2498
9118
1573
4859
4249
6420
4375
9175
8271
9176
8252
7738
7178
7114
2471
8734
3497
5858
93
5575
7971
3536
4353
144
6608
9355
4765
9994
3269
698
9702
1128
5480
7353
746
4291
5079
5677
3736
9726
3700
9457
5360
6319
4060
5297
2112
1402
1397
5245
6566
2965
3624
6890
4623
3158
2507
5747
5457
3312
7373
2186
3382
7770
104
1905
9842
7868
2497
762
76
9790
3614
4773
5699
6378
2999
56
386
1617
6172
3961
7847
8141
6498
7289
8204
4855
7238
6343
9997
8412
5451
7828
2389
370
2131
2036
2943
7438
1339
990
4981
9618
7700
7187
6935
8111
2686
1685
8107
6017
5551
8489
6317
1280
305
4924
7512
4384
3496
5875
7418
463
8734
2418
5494
1809
8277
432
2402
4138
6203
1865
9014
3541
6017
9855
4084
4822
7585
2695
1224
2686
8634
6436
2858
4099
1364
1574
9677
8682
7283
9439
2775
2684
672
7387
9892
5641
4637
1281
4345
367
8433
7472
6053
377
5976
4570
8273
6689
1501
7469
6099
9304
6091
2816
6628
3748
5381
5104
4384
9293
2635
1936
5151
2190
4406
550
3356
3735
4548
9872
6865
9503
3382
2612
2405
4126
4655
1560
1668
4295
741
2009
1664
4642
9767
4310
1543
5184
246
9092
7385
491
1735
494
1681
2202
3180
1504
1117
5137
3774
5903
6716
5175
8861
982
4794
2468
1487
6034
2035
1860
2217
870
1886
3303
6992
9160
6924
2392
2464
8860
663
3028
4416
3742
8130
2936
7256
599
8295
3923
520
8170
4409
9555
7327
6430
5921
8678
4272
1568
6475
1233
121
5362
4513
8591
5085
2632
3805
1275
4115
0
7274
5642
2221
9029
583
8091
3235
8969
3240
4802
9715
2497
8999
2663
3000
1410
545
7390
6967
2365
7063
2573
2045
3345
2802
5977
5660
9227
9760
5717
7312
8389
5748
9356
4498
3518
3064
2849
7718
9215
5528
1410
8168
6858
3582
8865
4919
4971
4473
8650
8279
2527
2485
3135
6701
6258
223
3708
9435
4627
2038
3836
1419
2054
4677
4853
3326
7906
6855
63
3439
1090
8284
6715
9584
3899
9797
4066
5370
5752
1198
6899
3179
3819
5755
8542
9856
3447
5381
6671
3711
7746
120
4371
1237
1884
40
4327
1034
3052
2520
8996
9896
4223
782
4386
7827
6877
8850
9762
2591
8457
9941
4882
4070
6602
3858
6582
826
3420
6721
4579
7719
548
9175
5885
7197
2017
8933
8723
6723
1327
5125
9103
6952
8304
8705
5517
5371
964
3019
5434
5310
741
9946
1672
1059
5300
2129
110
9182
2072
8332
288
5730
6142
1064
426
6767
7478
1113
2679
5373
1246
7264
3590
8161
8735
8729
5113
2348
3669
6784
4867
4716
7802
5684
8354
1278
7152
308
1249
7812
5306
1500
7636
8458
1147
9154
1607
9405
6874
8844
2652
4048
8224
9477
7404
9070
701
1310
3632
7573
8873
3421
8883
9922
2170
4537
5937
5686
1982
8494
8368
6960
138
5646
4453
7203
6622
5102
6389
6226
1233
470
8502
5873
4773
2704
5814
2798
6603
952
4096
236
9494
1762
6224
6386
1148
1916
7997
9611
2746
4419
5721
4585
4336
6374
853
6231
7274
5939
2147
5310
7976
8789
3009
407
3905
6066
161
7529
8411
9980
2848
5472
7844
4472
3475
7266
8164
1622
7181
8617
1190
8539
5789
1529
6538
6718
3069
1461
9879
7734
1055
338
9229
4630
1487
182
3917
4684
2137
3046
3433
8282
5174
371
1701
1498
9684
9129
8395
3899
4335
5945
8445
9417
5401
926
2772
2499
9999
4275
6103
7876
5551
917
3955
9027
9299
1899
1949
4347
623
3038
1105
8400
8413
5096
5143
1078
3582
528
16
8755
970
7469
4200
5700
7880
4052
3067
1842
9196
7539
4463
5094
4932
6455
3673
3046
5927
7036
8315
1498
2798
4216
4196
8751
8253
9476
7757
9432
9983
5179
163
1881
5766
